1.49985413532 0.99990269772
1.49993184132 0.99995453136
1.50000004602 1.00000002795
1.4997177279 0.99981177534
1.5000685533 1.00004567433
1.50008064156 1.00005374325
1.49998928094 0.99999283806
1.49923267551 0.99948839685
1.50008033484 1.00005352647
1.50000463602 1.00000308633
1.49962254516 0.99974832684
1.4999999661 0.99999997629
1.50000805116 1.00000534965
1.49999911218 0.99999940077
1.50001067502 1.00000709394
1.5000650001 1.00004330382
1.49999025384 0.99999349611
1.49998382154 0.99998917623
1.49982642612 0.99988425456
1.49998238658 0.99998823804
1.50000473628 1.00000314549
1.49999979186 0.99999985935
1.49988794454 0.99992527431
1.50001617348 1.0000107528
1.49913148842 0.99942094446
1.50002027505 1.00001347341
1.49999862717 0.99999906189
1.50041032614 1.00027350294
1.50001185636 1.00000789035
1.50000508071 1.00000338213
1.50017139234 1.00011423552
1.49998728366 0.99999151485
1.49998861926 0.99999238485
1.50000309738 1.00000203192
1.50026193396 1.00017458604
1.50002012214 1.00001338962
1.5000822837 1.00005483534
1.49999662944 0.99999774717
1.50000014457 1.00000009293
1.49991328386 0.99994215111
1.49999994522 0.99999995892
1.49999535666 0.99999689766
1.49999175738 0.99999448287
1.50076250469 1.00050828297
1.50019850682 1.00013230374
1.50000309738 1.00000203192
1.49975951202 0.99983964159
1.50025243536 1.00016824236
1.50006520971 1.00004345997
1.5006704769 1.00044694134
1.5000001497 1.00000009221
1.49997601926 0.9999840045
1.50091626384 1.00061079468
1.50009754419 1.00006501371
1.4998474071 0.99989821788
1.49953387311 0.99968921463
1.49996993886 0.9999799485
1.5000086331 1.00000574943
1.5000010218 1.00000067775
1.49994271341 0.99996179577
1.5009107409 1.00060711278
1.50000011973 1.00000006983
1.50011267598 1.00007509218
1.49999751288 0.99999833847
1.50007666914 1.00005109665
1.50020522982 1.00013679474
1.50009557022 1.00006369143
1.49998035834 0.99998689821
1.5000028659 1.00000190076
1.49980632048 0.99987084213
1.50000643755 1.00000428513
1.5000131943 1.00000878306
1.5001258329 1.00008386952
1.4999275683 0.99995168706
1.5001248969 1.00008322647
1.50000047028 1.00000031028
1.50001515 1.00001008884
1.50000253362 1.00000167297
1.49999877594 0.99999918123
1.50042280311 1.00028182659
1.50000094755 1.00000061595
1.49999804136 0.99999868779
1.49980632048 0.99987084213
1.49998530402 0.99999018474
1.50001617348 1.0000107528
1.50000338754 1.00000224996
1.5000001227 1.00000007988
1.50000011973 1.00000006983
1.50002953614 1.00001965776
1.50000002181 1.00000000797
1.49995305918 0.99996869364
1.500277212 1.00018478544
1.4999842737 0.99998949534
1.49999992956 0.99999995037
1.5000125067 1.0000083219
1.4999646717 0.99997642734
1.499983785 0.99998917611
1.49963926842 0.99975945876
1.49963295474 0.99975527016
1.49997910644 0.99998605707
1.50013980522 1.00009318773
1.49999992956 0.99999995037
1.50000002181 1.00000000797
1.50000004602 1.00000002795
1.49998567365 0.99999044097
1.499988321 0.99999220377
1.49999751288 0.99999833847
1.49991392088 0.9999425886
1.50000120162 1.00000079388
1.50000011973 1.00000006983
1.5000020964 1.00000137561
1.50010681842 1.0000711827
1.49998481262 0.99998986668
1.50000381144 1.00000251564
1.49996135367 0.99997421775
1.49999466987 0.99999644199
1.5000017913 1.00000118685
1.49999870988 0.99999913725
1.49998343976 0.99998895339
1.50000872058 1.00000580652
1.50009515964 1.00006342197
1.49985430974 0.99990282534
1.50000396156 1.00000262787
1.50002675478 1.00001781684
1.5002618904 1.00017455541
1.49999186502 0.99999456534
1.50008033484 1.00005352647
1.49999403114 0.9999960162
1.49999316228 0.99999543129
1.4998992039 0.99993275934
1.49999889006 0.99999924756
1.4992589214 0.99950588844
1.49999687082 0.99999791115
1.49998901274 0.99999266442
1.49999314212 0.99999541428
1.5008065839 1.00053767934
1.50000659298 1.00000438854
1.49999578002 0.99999717684
1.4999883957 0.99999225645
1.50001617348 1.0000107528
1.49990800464 0.99993865173
1.49996422575 0.99997612443
1.4993547759 0.99956980734
1.4993547759 0.99956980734
1.4993722701 0.99958147116
1.50001302213 1.00000866567
1.50026368446 1.00017573612
1.4999976981 0.99999845943
1.5000085296 1.00000567239
1.49995292436 0.99996858672
1.50003573246 1.0000238061
1.50004734534 1.00003154802
1.4998862637 0.99992415534
1.50001752906 1.0000116747
1.49974882731 0.99983250825
1.4999877279 0.99999180843
1.50000186402 1.00000123809
1.49999944446 0.9999996261
1.49999316228 0.99999543129
1.49973166314 0.99982106037
1.49997137652 0.99998090745
1.49999992956 0.99999995037
1.49999688432 0.99999790032
1.49998022262 0.99998679303
1.49998200606 0.9999879837
1.50000219144 1.00000145751
1.49998238658 0.99998823804
1.5003795807 1.00025301165
1.50024335202 1.00016220966
1.4999973318 0.99999820716
1.49993046378 0.99995362935
1.50000804477 1.00000535001
1.50005246706 1.0000349682
1.4998971204 0.99993139161
1.50013231794 1.00008816414
1.50006373848 1.000042467
1.4999711958 0.99998078316
1.50002443566 1.0000162797
1.50000834006 1.0000055517
1.50000014457 1.00000009293
1.49991752322 0.99994498761
1.4999975901 0.99999833991
1.5000539598 1.00003595916
1.49997909618 0.99998605653
1.50002562474 1.00001707068
1.50000080076 1.00000053117
1.4999962446 0.99999748788
1.50022684656 1.00015119285
1.50000857613 1.00000571085
1.49997909618 0.99998605653
1.49994481644 0.99996319536
1.49999067486 0.99999377646
1.50000834006 1.0000055517
1.50000126219 1.00000083957
1.49923267551 0.99948839685
1.50029912286 1.00019936742
1.50002420022 1.00001611554
1.50063949098 1.00042627893
1.50012678825 1.00008449943
1.50020400915 1.00013597301
1.49998869009 0.99999243513
1.5000547221 1.00003646379
1.50007905558 1.00005267276
1.50002111466 1.00001402862
1.49999754753 0.99999836043
1.5001248969 1.00008322647
1.5000370884 1.00002470361
1.5000210675 1.00001402889
1.49998382154 0.99998917623
1.49998200606 0.9999879837
1.50000487362 1.00000324452
1.49998163256 0.99998774388
1.50091626384 1.00061079468
1.50001185636 1.00000789035
1.49987640816 0.99991756725
1.49999860458 0.9999990576
1.50024991347 1.00016656683
1.50010983486 1.00007319822
1.50000907104 1.00000604148
1.5001881687 1.0001254128
1.4999993937 0.99999959388
1.49999808618 0.99999870138
1.5000001497 1.00000009221
1.49999864382 0.99999908754
1.4999275683 0.99995168706
1.50014808378 1.00009868382
1.49997301794 0.99998199249
1.49953387311 0.99968921463
1.49994273258 0.99996179568
1.50008137146 1.00005421965
1.49996049786 0.9999736539
1.50000805116 1.00000534965
1.500053688 1.00003577799
1.50000508071 1.00000338213
1.49947191009 0.99964789791
1.50000805116 1.00000534965
1.49993778222 0.999958509
1.49977816542 0.99985207614
1.50000426207 1.00000283679
1.5000077043 1.00000513197
1.49993916588 0.99995938476
1.49999775066 0.99999848841
1.50000537906 1.00000357392
1.5000002073 1.00000013397
1.50002043336 1.0000136136
1.50000014106 1.00000009293
1.5001881687 1.0001254128
1.50001191702 1.00000791681
1.49999220072 0.99999479403
1.49999998356 0.9999999858
1.4999973318 0.99999820716
1.49999483403 0.99999652293
1.50000378696 1.000002516
1.49971036266 0.99980688045
1.50000806394 1.00000534992
1.49959563624 0.99973039335
1.4999877279 0.99999180843
1.50000804477 1.00000535001
1.49999313186 0.99999541365
1.4997139713 0.9998092755
1.49999901012 0.99999933684
1.49994635652 0.99996422388
1.50078947148 1.00052625516
1.49978565891 0.99985707285
1.50000805116 1.00000534965
1.4999994459 0.99999962871
1.4994455139 0.99963029934
1.50026748498 1.00017829032
1.500282054 1.00018799952
1.49997382344 0.99998254032
1.49995373238 0.99996913689
1.49960157732 0.99973434273
1.49995528074 0.99997015929
1.49998418784 0.99998945277
1.50006062124 1.00004040213
1.4999864994 0.99999098691
1.49990435091 0.99993621819
1.50002667279 1.00001776281
1.49998928094 0.99999283842
1.49999550966 0.99999700188
1.49999664078 0.99999775293
1.49999996934 0.99999997602
1.5000174126 1.00001159988
1.4998829445 0.99992193693
1.50068919834 1.00045942743
1.50000381144 1.00000251564
1.50016375476 1.00010914032
1.5000244461 1.00001627979
1.50001185636 1.00000789035
1.50000260814 1.00000172859
1.50005839302 1.00003889454
1.50000670026 1.0000044513
1.49998530402 0.99999018474
1.5000041763 1.00000277997
1.49999498208 0.99999664071
1.50001617348 1.0000107528
1.50000245478 1.00000162932
1.49998928094 0.99999283806
1.50043381839 1.00028917815
1.49999719167 0.99999811509
1.4999960979 0.99999737952
1.50000110766 1.00000073409
1.5000125067 1.00000832226
1.49994160146 0.99996105516
1.5000004242 1.00000027257
1.49999946597 0.99999963939
1.50000036354 1.00000023963
1.50000508071 1.00000338213
1.49998238658 0.99998823804
1.50001250778 1.00000833117
1.499796054 0.99986399952
1.50002953614 1.00001965776
1.49999493582 0.99999661668
1.49997910644 0.99998605707
1.49999144049 0.99999428865
1.50000322068 1.00000214211
1.50002098092 1.00001395419
1.50197989932 1.00131987372
1.5000125067 1.00000832226
1.50000758982 1.00000505004
1.49997583215 0.99998387979
1.49974952742 0.99983299623
1.49998549734 0.99999030882
1.49999686776 0.99999790068
1.49996196252 0.99997462608
1.4999275683 0.99995168706
1.49991392088 0.9999425886
1.50004734534 1.00003154802
1.49999491026 0.99999659109
1.499763177 0.99984208848
1.49997444345 0.99998294325
1.49998887297 0.99999256623
1.4999862879 0.99999084786
1.49999764059 0.99999842205
1.49999754753 0.99999836043
1.50006520971 1.00004345997
1.499983785 0.99998917611
1.4999638941 0.99997591179
1.50006694968 1.00004462196
1.49976286074 0.99984188223
1.49999748102 0.99999831612
1.5000125067 1.0000083219
1.49962877757 0.99975248529
1.50001318818 1.00000878378
1.5000014997 1.00000099545
1.50004875672 1.00003247916
1.49997175596 0.99998115285
1.50024991347 1.00016656683
1.49995292436 0.99996858672
1.50018691878 1.00012458978
1.5000068223 1.00000454397
1.4999999661 0.99999997629
1.49990991138 0.9999398931
1.50124435074 1.00082951934
1.5000001497 1.00000009221
1.49999910102 0.99999939228
1.50000396156 1.00000262787
1.49963805162 0.99975866694
1.49982957162 0.99988635012
1.49986824777 0.99991214025
1.49934224286 0.99956145309
1.50000805116 1.00000534965
1.5000028659 1.00000190076
1.50003079578 1.00002050265
1.50012397458 1.00008262698
1.499983785 0.9999891762
1.5000125067 1.0000083219
1.49998846446 0.9999922965
1.50044934924 1.000299507
1.49994635652 0.99996422388
1.50001166952 1.00000777323
1.50000834006 1.0000055517
1.49999624334 0.99999748716
1.49994997884 0.99996663477
1.50002953614 1.00001965776
1.49989190652 0.99992791989
1.4998504644 0.99990028761
1.49993916588 0.99995938476
1.50002419644 1.0000160718
1.50000097482 1.0000006431
1.49993408358 0.99995603367
1.49998482396 0.99998986704
1.49995442259 0.99996960237
1.50000249924 1.00000165227
1.50001221114 1.00000813398
1.50000365349 1.00000243221
1.49998229163 0.99998817495
1.49980632048 0.99987084213
1.50000206886 1.0000013757
1.5000008625 1.00000055706
1.49999682222 0.99999787632
1.5000786549 1.00005241866
1.50000012063 1.00000007541
1.50004197756 1.00002796944
1.50076250469 1.00050828297
1.50014921805 1.00009945923
1.50002419644 1.0000160718
1.49999205978 0.99999470196
1.50000290226 1.00000193028
1.50000872058 1.00000580652
1.49994962028 0.99996638343
1.5000125067 1.0000083219
1.49985430974 0.99990282534
1.49996987262 0.99997990788
1.49999568291 0.99999711195
1.49961761046 0.99974504565
1.50000535665 1.00000356279
1.50000078222 1.00000051554
1.49999498208 0.99999664071
1.50003992772 1.00002660468
1.50004764513 1.00003174053
1.49999998356 0.9999999858
1.49994863586 0.99996574134
1.50000075576 1.00000049115
1.50061884822 1.00041253134
1.5001435521 1.00009565916
1.49995571364 0.99997046187
1.49994962028 0.99996638343
1.50022026531 1.00014681273
1.50006476466 1.0000431609
1.49999313186 0.99999541365
1.50002667279 1.00001776281
1.5000920847 1.00006136934
1.49999057901 0.99999367719
1.50016977702 1.00011315372
1.49991752322 0.99994498761
1.50068919834 1.00045942743
1.49998833414 0.9999921918
1.50002412354 1.00001607252
1.49996868786 0.99997910319
1.5004371096 1.00029136821
1.5000008625 1.00000055706
1.49976601398 0.99984398133
1.5000037839 1.00000251582
1.50003980874 1.00002652899
1.49993916588 0.99995938476
1.50001196904 1.00000794525
1.50000047028 1.00000031028
1.50011863974 1.00007907111
1.4998474071 0.99989821788
1.49999254758 0.99999502494
1.49994693198 0.99996460521
1.4998689756 0.99991262508
1.499990454 0.99999359952
1.50003814788 1.00002539532
1.50000002442 1.00000001517
1.49977816542 0.99985207614
1.4999997726 0.99999983988
1.49997150666 0.99998099232
1.49908423194 0.99938943444
1.49998846446 0.9999922965
1.50008887026 1.00005922716
1.49993171325 0.99995444943
1.49999949792 0.99999965127
1.49999020047 0.99999346197
1.5000118461 1.00000788981
1.50001617348 1.0000107528
1.49902028514 0.99934680894
1.4999719779 0.99998130546
1.49999179221 0.99999452355
1.49978565891 0.99985707285
1.50002043336 1.0000136136
1.50009557022 1.00006369143
1.50000014457 1.00000009293
1.49991369696 0.99994245063
1.50001044552 1.00000695504
1.50042280311 1.00028182659
1.50009633891 1.00006419183
1.5000064461 1.00000429143
1.50006520971 1.00004345997
1.5000068286 1.00000454388
1.50002230383 1.00001485923
1.49991678666 0.99994447092
1.50018440886 1.00012291431
1.50001144803 1.00000761933
1.50004875672 1.00003247916
1.50000045768 1.00000029648
1.50005854908 1.00003900263
1.49996196252 0.99997462608
1.50002220996 1.00001479641
1.49999171193 0.99999446145
1.49997249144 0.9999816498
1.50000186402 1.00000123809
1.49988739455 0.99992491065
1.49977816542 0.99985207614
1.50000834006 1.0000055517
1.50000543135 1.00000361361
1.49999185323 0.99999454977
1.49997411819 0.99998272257
1.49999686776 0.99999790068
1.50000157746 1.0000010457
1.50015086208 1.00010054391
1.4999997726 0.99999983988
1.50002027505 1.00001347341
1.49999624334 0.99999748716
1.4999646717 0.99997642734
1.4999604543 0.99997360662
1.50000206886 1.0000013757
1.50000083901 1.00000053987
1.49999686776 0.99999790068
1.50000290226 1.00000193028
1.5000278238 1.00001853516
1.50086644794 1.00057758357
1.49998846446 0.9999922965
1.50001495335 1.00000996161
1.49999786982 0.99999857634
1.49998293531 0.99998861085
1.49998549734 0.99999030882
1.49999663565 0.99999775365
1.49999911776 0.99999940605
1.49999946597 0.99999963939
1.5000020721 1.00000137543
1.5000578541 1.00003852716
1.50010913241 1.00007273001
1.49994254025 0.99996166041
1.5001018857 1.00006790334
1.49999223465 0.99999481479
1.50009557022 1.00006369143
1.49999814198 0.99999875148
1.50000045768 1.00000029648
1.50001965234 1.00001309322
1.49998928094 0.99999283842
1.5001802937 1.00012017534
1.49999946597 0.99999963939
1.49993954514 0.99995966718
1.4998976127 0.99993171084
1.50001965234 1.00001309322
1.5000041763 1.00000277997
1.49994832878 0.99996553347
1.49998869009 0.99999243513
1.50002209485 1.00001472261
1.50001500834 1.00000999539
1.49998377474 0.99998917557
1.49997688434 0.99998457972
1.49999998698 0.99999998538
1.500093702 1.00006244268
1.49901485238 0.9993431814
1.50002121348 1.00001412843
1.50005833956 1.00003886352
1.49996605518 0.99997735458
1.4998976127 0.99993171084
1.50000042519 1.00000027887
1.50002043048 1.00001361387
1.50000047028 1.00000031028
1.50002685585 1.00001789661
1.50000834006 1.0000055517
1.50003261018 1.00002172938
1.50004875672 1.00003247916
1.50000025986 1.0000001649
1.5000174126 1.00001159988
1.49998741686 0.99999160404
1.50000023178 1.00000015098
1.5000168384 1.00001121729
1.49998892121 0.99999258333
1.49999754753 0.99999836043
1.5000020964 1.00000137561
1.50004197756 1.00002796944
1.49999483403 0.99999652293
1.4999931918 0.99999543111
1.50000002181 1.00000000797
1.50011212329 1.00007472939
1.50000197004 1.00000129776
1.50000863715 1.00000574997
1.50011863974 1.00007907111
1.5000547221 1.00003646379
1.50001185636 1.00000789035
1.50001069608 1.00000712427
1.50000120162 1.00000079388
1.49999719167 0.99999811509
1.50000805116 1.00000534965
1.49997584016 0.99998384556
1.50000004602 1.00000002795
1.49999875542 0.99999916593
1.50013113147 1.00008740193
1.49998719033 0.99999145365
1.49987500272 0.99991664592
1.50000284484 1.00000188633
1.49994254025 0.99996166041
1.50001301574 1.00000866957
1.49997597462 0.9999839706
1.50002124408 1.00001415156
1.49996448918 0.99997631538
1.50000227262 1.0000014855
1.49996373462 0.99997580994
1.49962877757 0.99975248529
1.50000804477 1.00000535001
1.49959563624 0.99973039335
1.49998200606 0.9999879837
1.4999697846 0.99997984788
1.50002231526 1.00001486472
1.49993910108 0.99995938512
1.49998384575 0.99998919639
1.50000049422 1.00000032594
1.50020400915 1.00013597301
1.49998844286 0.99999228312
1.50040244358 1.0002682422
1.49999808618 0.99999870138
1.50006062124 1.00004040213
1.50009520302 1.00006345257
1.4999960979 0.99999737952
1.49997175596 0.99998115285
1.49998733352 0.99999154923
1.50000543135 1.00000361361
1.49998035834 0.99998689821
1.50000071562 1.00000047273
1.4999970996 0.99999805911
1.50000233814 1.00000154877
1.50090158007 1.00060099989
1.50000198066 1.00000131543
1.50007203756 1.00004801235
1.49996721267 0.99997812861
1.5000002073 1.00000013397
1.49993916588 0.99995938476
1.49999057901 0.99999367719
1.50001752906 1.0000116747
1.50000463602 1.00000308633
1.50012492534 1.00008323004
1.4999997402 0.99999982356
1.4999096079 0.99993971952
1.49912613081 0.99941737839
1.50009633891 1.00006419183
1.4999958 0.99999719412
1.50124435074 1.00082951934
1.50000327126 1.0000021695
1.49973870978 0.99982577352
1.50000570072 1.00000379547
1.50002376264 1.00001583312
1.49980632048 0.99987084213
1.49999911776 0.99999940596
1.50002376264 1.00001583312
1.49993138727 0.99995424615
1.50000781185 1.00000520061
1.49999994522 0.99999995892
1.50005782512 1.00003852752
1.50007502853 1.00004999955
1.49978565891 0.99985707285
1.4999999121 0.99999993066
1.49993916588 0.99995938476
1.50091626384 1.00061079468
1.50044136498 1.00029421374
1.50029905554 1.00019932197
1.50002126064 1.0000141512
1.50001190082 1.00000792887
1.49876709606 0.99917801565
1.49974882731 0.99983250825
1.49956144542 0.99970758189
1.49994960921 0.99996638325
1.49983443126 0.9998895981
1.50012678825 1.00008449943
1.49983930989 0.99989282997
1.49991328386 0.99994215111
1.5000244461 1.00001627979
1.50034527855 1.00023013221
1.49978840238 0.99985888653
1.49998143456 0.99998760903
1.49998237245 0.99998823831
1.4999904324 0.99999359961
1.4999975793 0.99999838185
1.4999437764 0.99996249561
1.4997915873 0.9998610252
1.49999171193 0.99999446145
1.49992052112 0.9999469662
1.5000014997 1.00000099545
1.50020620317 1.00013741529
1.49990892804 0.99993927156
1.50007666914 1.00005109665
1.50010913241 1.00007273001
1.49997382344 0.99998254032
1.50000805116 1.00000534965
1.4999846796 0.99998977524
1.49999053932 0.99999367728
1.49895452475 0.99930296301
1.50000783066 1.00000521588
1.50001215354 1.00000809024
1.49999493582 0.99999661668
1.50000004602 1.00000002795
1.49998861926 0.99999238485
1.50026368446 1.00017573612
1.50000982866 1.00000654509
1.49996605518 0.99997735458
1.49999057901 0.99999367719
1.49977816542 0.99985207614
1.4999940747 0.99999602934
1.50050924793 1.00033945647
1.49999925222 0.99999949875
1.49921257563 0.99947500827
1.49999341806 0.9999956022
1.49980384593 0.99986919981
1.4999975901 0.99999833991
1.5000244461 1.00001627979
1.5000174927 1.0000116546
1.49999754753 0.99999836043
1.50031990647 1.00021324605
1.49997828114 0.99998550864
1.50000149772 1.00000099581
1.49996448918 0.99997631538
1.49999970366 0.99999980133
1.49998571658 0.99999047037
1.5000125067 1.00000832226
1.5000234777 1.00001563134
1.49984446482 0.99989627688
1.5000244461 1.00001627979
1.5002470404 1.00016467161
1.50000708141 1.00000470291
1.49993916588 0.99995938476
1.49983501446 0.9998899845
1.5000001497 1.00000009221
1.4999619663 0.99997462626
1.49963295474 0.99975527016
1.50044934924 1.000299507
1.50003369486 1.00002243228
1.5000739389 1.00004927352
1.50000207615 1.00000137597
1.49980747734 0.99987161343
1.50026368446 1.00017573612
1.50002098092 1.00001395419
1.4999990148 0.99999933675
1.50000777576 1.00000517739
1.49968107135 0.99978734781
1.50002220033 1.00001478819
1.49935075056 0.99956712885
1.50030585918 1.00020387516
1.4997467385 0.99983113296
1.5000090075 1.00000598532
1.49991529086 0.9999435093
1.50000055812 1.00000035303
1.50000822909 1.00000547403
1.49991341364 0.99994225083
1.4999100669 0.99994001856
1.50011443854 1.00007625822
1.50027574086 1.00018377375
1.50000808662 1.00000538034
1.49988455118 0.99992299083
1.49999996484 0.99999997467
1.4999237811 0.9999491544
1.5000028659 1.00000190076
1.4999940747 0.99999602934
1.49970997692 0.99980662119
1.50000698826 1.00000465449
1.49998399974 0.99998931705
1.50000003846 1.00000001886
1.49999718726 0.9999981141
1.50002082342 1.00001385726
1.50000864174 1.00000574322
1.49998846446 0.9999922965
1.50000871158 1.00000579161
1.49999994522 0.99999995892
1.49999994522 0.99999995892
1.49998846446 0.9999922965
1.4999058657 0.99993722334
1.5001682571 1.00011215379
1.50000208614 1.00000137042
1.5005797389 1.00038644934
1.50000600888 1.00000399476
1.5000014997 1.00000099545
1.49999911776 0.99999940605
1.49999171193 0.99999446145
1.50002082342 1.00001385726
1.49998354551 0.99998901717
1.499893254 0.99992879952
1.49998200606 0.9999879837
1.49999643306 0.99999761469
1.500787548 1.00052499381
1.50003789642 1.00002524223
1.4999836131 0.99998906292
1.5002618904 1.00017455541
1.49999764806 0.99999842187
1.49998894758 0.99999262338
1.499828454 0.99988559952
1.50001185636 1.00000789035
1.49998200606 0.9999879837
1.50000014457 1.00000009293
1.5000001497 1.00000009221
1.50000060762 1.00000040397
1.50012883782 1.00008584349
1.50018182586 1.00012118937
1.49998356306 0.9999890313
1.49997584016 0.99998384556
1.5006704769 1.00044694134
1.50026507865 1.00017668499
1.50000805116 1.00000534965
1.50007666914 1.00005109665
1.5004537506 1.0003024638
1.50000096168 1.00000063467
1.50009427575 1.00006282443
1.50000071562 1.00000047273
1.50005618766 1.00003744632
1.4999973318 0.99999820716
1.4999646717 0.99997642734
1.49999308326 0.9999953709
1.50000004602 1.00000002795
1.49983795269 0.99989193537
1.49982249942 0.99988162758
1.4999733819 0.9999822462
1.49991027012 0.99994014348
1.50000082938 1.00000053978
1.49996374425 0.99997581003
1.50000871158 1.00000579161
1.49999760126 0.9999983949
1.49953387311 0.99968921463
1.50005839302 1.00003889454
1.49994282942 0.99996187074
1.49994282942 0.99996187038
1.50042744666 1.00028492115
1.4998975083 0.99993165609
1.50014921805 1.00009945923
1.49999223465 0.99999481479
1.49998714056 0.9999914184
1.50003484866 1.00002322227
1.5000133959 1.00000891152
1.49942456298 0.99961633662
1.4998176567 0.99987841734
1.49960651598 0.99973764432
1.50015086208 1.00010054391
1.49998166838 0.9999877668
1.49999719167 0.99999811509
1.49997301794 0.99998199249
1.50000378696 1.000002516
1.4999646717 0.99997642734
1.50000871158 1.00000579161
1.50001535934 1.00001019117
1.50010983486 1.00007319822
1.49999944446 0.9999996261
1.50003339588 1.00002225393
1.50000643755 1.00000428513
1.49986824777 0.99991214025
1.4999445729 0.99996300534
1.49999316228 0.99999543129
1.5000068286 1.00000454388
1.49994962028 0.99996638343
1.49999911776 0.99999940605
1.50000558318 1.00000371696
1.49999625468 0.99999748752
1.50000463602 1.00000308633
1.50004724886 1.00003148907
1.4998971204 0.99993139161
1.50000864174 1.00000574322
1.49994997884 0.99996663477
1.5000015366 1.00000101588
1.49996148246 0.99997429662
1.4999021415 0.99993473598
1.50000042519 1.00000027887
1.4998504644 0.99990028761
1.5000578541 1.00003852716
1.49999994522 0.99999995892
1.49997766806 0.9999850965
1.50001416702 1.0000094322
1.49998377474 0.99998917557
1.4999960979 0.99999737952
1.49999760126 0.9999983949
1.5000001227 1.00000007988
1.49970261285 0.99980170779
1.5000068286 1.00000454388
1.5005628027 1.00037516766
1.49993916588 0.99995938476
1.500282054 1.00018799952
1.49998549734 0.99999030882
1.5000125067 1.0000083219
1.49984280054 0.99989517534
1.49996018835 0.99997344891
1.49999879304 0.99999918672
1.49999901246 0.99999933648
1.49999767218 0.99999843972
1.50005162736 1.00003438005
1.499972508 0.99998164944
1.50007175136 1.00004782023
1.5001802937 1.00012017534
1.50000207615 1.00000137579
1.50000206886 1.0000013757
1.5000001227 1.00000007988
1.49988794454 0.99992527431
1.50018182586 1.00012118937
1.4993722701 0.99958147116
1.49999144049 0.99999428865
1.50002925075 1.00001947443
1.49997782178 0.99998519841
1.49998861926 0.99999238485
1.49999516055 0.99999676869
1.4999586201 0.99997236501
1.49999996934 0.99999997602
1.49974882731 0.99983250825
1.49999956002 0.99999970152
1.50002988858 1.00001991555
1.5001248969 1.00008322647
1.49997249144 0.9999816498
1.499958054 0.99997199952
1.4999973318 0.99999820716
1.5000125067 1.00000832226
1.5000086331 1.00000574943
1.49991284574 0.99994187427
1.5000125067 1.0000083219
1.50000013386 1.00000006956
1.50010542756 1.00007027124
1.49998616622 0.99999072396
1.4996293641 0.99975286716
1.49989057146 0.9999270321
1.50007236642 1.00004822394
1.5000023727 1.00000157586
1.49999987835 0.99999990573
1.50092510085 1.00061669061
1.50025243536 1.00016824236
1.49999371065 0.99999580251
1.49999308326 0.9999953709
1.4999962446 0.99999748788
1.50029905554 1.00019932197
1.499698854 0.99979919952
1.50044934924 1.000299507
1.50000089382 1.00000058034
1.49999057901 0.99999367719
1.50016977702 1.00011315372
1.50005435922 1.00003620135
1.50000741216 1.00000493556
1.50015599892 1.00010395599
1.50003369486 1.00002243228
1.50000012063 1.00000007541
1.50007089726 1.0000472517
1.5000528807 1.00003523334
1.5000806799 1.00005374334
1.4999971284 0.99999807696
1.4999999661 0.99999997629
1.50000711624 1.00000473552
1.5001248969 1.00008322647
1.50000050394 1.00000032612
1.4999918301 0.99999454128
1.50014568105 1.00009709781
1.4999962446 0.99999748788
1.499990454 0.99999359952
1.5000234777 1.00001563134
1.49999760126 0.9999983949
1.49992979247 0.99995315169
1.49994635652 0.99996422388
1.4991151761 0.99941007516
1.50005864196 1.00003908075
1.49998200606 0.9999879837
1.50000149772 1.00000099581
1.500240582 1.00016036193
1.49999673825 0.99999779943
1.499990454 0.99999359952
1.50000080076 1.00000053117
1.49999314212 0.99999541419
1.4998976127 0.99993171084
1.49999979114 0.99999985965
1.50008064156 1.00005374325
1.4999957703 0.99999717666
1.49999175738 0.99999448287
1.4999931918 0.99999543111
1.50000047028 1.00000031028
1.50004866744 1.0000324338
1.49957630154 0.99971748654
1.49999688432 0.99999790032
1.4999935923 0.99999572397
1.49976286074 0.99984188223
1.50000864174 1.00000574322
1.49947737957 0.99965154309
1.50002220996 1.00001479641
1.499983785 0.9999891762
1.50000206886 1.0000013757
1.49987500272 0.99991664592
1.49974780545 0.99983184537
1.50000804477 1.00000535001
1.49999946597 0.99999963939
1.50000672402 1.00000447434
1.50002572014 1.00001711877
1.49999408442 0.99999605112
1.49994519687 0.99996344511
1.5001589529 1.00010594346
1.50000245478 1.00000162932
1.49999901012 0.99999933684
1.49999308326 0.9999953709
1.50006232638 1.00004153058
1.49999341806 0.9999956022
1.50000047028 1.00000031028
1.4999592879 0.99997284249
1.4999992317 0.99999948588
1.49996716488 0.99997810128
1.50000805116 1.00000534965
1.5000334488 1.00002227664
1.49971227102 0.99980814768
1.50012772767 1.00008512097
1.5001248969 1.00008322647
1.500686928 1.00045791789
1.50000193044 1.00000128372
1.5000773562 1.000051557
1.49996135367 0.99997421775
1.4999902515 0.99999349584
1.5000825879 1.00005503952
1.49999889006 0.99999924756
1.50013529118 1.00009016112
1.50000096168 1.00000063467
1.49991752322 0.99994498761
1.49999341914 0.99999560931
1.49998377474 0.99998917557
1.49978698272 0.99985795437
1.49986989819 0.99991324743
1.5000020721 1.00000137543
1.50000014106 1.00000009293
1.5000023727 1.00000157586
1.5000087663 1.00000583208
1.49867637399 0.99911752917
1.50092510085 1.00061669061