1.49998887297 0.99999256623
1.50000012063 1.00000007541
1.50003079578 1.00002050265
1.5000046965 1.00000310586
1.5000001038 1.00000006653
1.50003037026 1.0000202127
1.50000229782 1.00000152672
1.5000013431 1.00000088943
1.49999057901 0.99999367719
1.5000001038 1.00000006653
1.49999314212 0.99999541419
1.49998637268 0.99999089223
1.5000578541 1.00003852716
1.499990454 0.99999359952
1.50000612282 1.00000407054
1.49999946597 0.99999963939
1.499958054 0.99997199952
1.49995572246 0.99997044753
1.49995857951 0.99997236141
1.4998474071 0.99989821788
1.50003814788 1.00002539532
1.5000101127 1.00000672233
1.50003037026 1.0000202127
1.50003079578 1.00002050265
1.49999901246 0.99999933648
1.49999688432 0.99999790032
1.50000110766 1.00000073409
1.49999911776 0.99999940596
1.50000082938 1.00000053978
1.49997384792 0.99998253996
1.50002675478 1.00001781684
1.50002925075 1.00001947443
1.49999509044 0.99999669744
1.50000045768 1.00000029648
1.49999508738 0.99999670902
1.50000805116 1.00000534965
1.50002326386 1.0000154865
1.5000017913 1.00000118685
1.5000006141 1.00000040343
1.50000804477 1.00000535001
1.49999223465 0.99999481479
1.4999999661 0.99999997629
1.50000050394 1.00000032612
1.5000020721 1.00000137543
1.49999115294 0.99999407694
1.49993954514 0.99995966718
1.50000338754 1.00000224996
1.50000396156 1.00000262787
1.49999996484 0.99999997467
1.50000804477 1.00000535001
1.4999999121 0.99999993066
1.49999719167 0.99999811509
1.49998200606 0.9999879837
1.49999314212 0.99999541428
1.49995292436 0.99996858672
1.50000012063 1.00000007541
1.50000077664 1.00000051188
1.49999993154 0.99999995001
1.5000806799 1.00005374334
1.49999994522 0.99999995892
1.5000017391 1.00000114179
1.4999997402 0.99999982356
1.49998616622 0.99999072396
1.4999973318 0.99999820716
1.50000045768 1.00000029648
1.49997384792 0.99998253996
1.5000023475 1.00000153086
1.50000047028 1.00000031028
1.49999800356 0.99999865881
1.50000083901 1.00000053987
1.5000001497 1.00000009221
1.5000767163 1.00005109638
1.49999911776 0.99999940596
1.50000806394 1.00000534992
1.50000381144 1.00000251564
1.49999782068 0.99999853323
1.50001617348 1.0000107528
1.49999718726 0.9999981141
1.50001067502 1.00000709394
1.49999910102 0.99999939228
1.49999498208 0.99999664071
1.4999997069 0.99999980106
1.50002027505 1.00001347341
1.5000076854 1.000005108
1.50003037026 1.0000202127
1.50000806394 1.00000534992
1.4999904324 0.99999359961
1.500000957 1.00000063476
1.50000022431 1.00000014765
1.49999173758 0.99999448098
1.49998200606 0.9999879837
1.4999904324 0.99999359961
1.4999940747 0.99999602934
1.50000249924 1.00000165236
1.4999931918 0.99999543111
1.5000004242 1.00000027257
1.49999996934 0.99999997602
1.49994960921 0.99996638325
1.49993954514 0.99995966718
1.49995572246 0.99997044753
1.49999993154 0.99999995001
1.49998382154 0.99998917623
1.49998927086 0.9999928221
1.50000002181 1.00000000797
1.5000017391 1.00000114179
1.50003037026 1.0000202127
1.49999578002 0.99999717684
1.50001909038 1.00001268879
1.49999996934 0.99999997602
1.50025243536 1.00016824236
1.50008647824 1.00005760428
1.49998022262 0.99998679303
1.4999899419 0.99999325134
1.50007702383 1.00005130707
1.50005839302 1.00003889454
1.49991027012 0.99994014348
1.49999994522 0.99999995892
1.49999686776 0.99999790068
1.50000207615 1.00000137579
1.50000047028 1.00000031028
1.49999568291 0.99999711195
1.49996720358 0.99997809702
1.4998992039 0.99993275934
1.49999541174 0.99999693282
1.49999308326 0.9999953709
1.49999994522 0.99999995892
1.4999904324 0.99999359961
1.49999483403 0.99999652293
1.4999960979 0.99999737952
1.5000001497 1.00000009221
1.49999057901 0.99999367719
1.50003197946 1.0000213017
1.50005554578 1.000036977
1.50000396156 1.00000262787
1.50009633891 1.00006419183
1.5001435521 1.00009565916
1.49999686776 0.99999790068
1.4999886198 0.99999239916
1.4998864581 0.99992426316
1.49991328386 0.99994215111
1.50000025986 1.0000001649
1.5000023475 1.00000153086
1.50000002181 1.00000000797
1.5000013431 1.00000088943
1.50005435922 1.00003620135
1.5000013431 1.00000088943
1.50000805116 1.00000534965
1.50000381144 1.00000251564
1.50000322968 1.00000214655
1.50000010758 1.00000006656
1.49999670774 0.99999779202
1.50000055812 1.00000035303
1.50000338754 1.00000224996
1.50000083901 1.00000053987
1.49997384792 0.99998253996
1.50000207615 1.00000137579
1.50000043698 1.00000028787
1.50000067035 1.00000043961
1.50000260067 1.00000172877
1.49999993154 0.99999995001
1.50000805116 1.00000534965
1.50001658352 1.00001101749
1.49999879565 0.99999918879
1.50000097482 1.0000006431
1.49999911776 0.99999940605
1.50002318178 1.00001542494
1.50000097482 1.0000006431
1.50000263694 1.00000174722
1.50002126064 1.0000141512
1.4999997726 0.99999983988
1.50002419644 1.0000160718
1.49998861926 0.99999238485
1.50015599892 1.00010395599
1.50000197004 1.00000129776
1.49999316228 0.99999543129
1.50000598818 1.0000039671
1.49999949792 0.99999965127
1.49999994522 0.99999995892
1.49999688432 0.99999790032
1.50012883782 1.00008584349
1.50000083901 1.00000053987
1.50000077664 1.00000051197
1.50001191702 1.00000791681
1.4999986953 0.999999123
1.49999911218 0.99999940077
1.50000806394 1.00000534992
1.50002082342 1.00001385726
1.50000296184 1.0000019634
1.49999987835 0.99999990573
1.4999899419 0.99999325134
1.50003519003 1.00002342921
1.50001497756 1.00000995495
1.49999911776 0.99999940605
1.50000022431 1.00000014765
1.5000767163 1.00005109638
1.50013231794 1.00008816414
1.4999960979 0.99999737952
1.4999904324 0.99999359961
1.49999686776 0.99999790068
1.5000002073 1.00000013397
1.50000011973 1.00000006983
1.4999293071 0.99995282916
1.50000096168 1.00000063467
1.49999185323 0.99999454977
1.4999586201 0.99997236501
1.50000245478 1.00000162932
1.49998887297 0.99999256623
1.49999996484 0.99999997467
1.499990454 0.99999359952
1.5000578541 1.00003852716
1.50000229782 1.00000152672
1.50000045768 1.00000029648
1.50000042519 1.00000027887
1.49993916588 0.99995938476
1.49999353308 0.99999567093
1.49998928094 0.99999283806
1.50000049422 1.00000032594
1.49999998824 0.99999998571
1.50000227262 1.0000014855
1.49999956002 0.99999970152
1.50000157746 1.0000010457
1.49997766806 0.9999850965
1.49991027012 0.99994014348
1.50000014457 1.00000009293
1.5000757317 1.0000504491
1.49998861926 0.99999238485
1.50012883782 1.00008584349
1.50006282102 1.00004185269
1.499958054 0.99997199952
1.50000284484 1.00000188633
1.49999993154 0.99999995001
1.49999686776 0.99999790068
1.50004967454 1.00003308849
1.50000249924 1.00000165236
1.50005097342 1.00003395714
1.50000245478 1.00000162932
1.50000013386 1.00000006956
1.49999775066 0.99999848841
1.49999706792 0.99999803883
1.50000197004 1.00000129776
1.49993916588 0.99995938476
1.50000296184 1.0000019634
1.49999568291 0.99999711195
1.49995572246 0.99997044753
1.49998833414 0.9999921918
1.50000094755 1.00000061595
1.49999860458 0.9999990576
1.49999670774 0.99999779202
1.5000008625 1.00000055706
1.50000808662 1.00000538034
1.5000020964 1.00000137561
1.49999764059 0.99999842205
1.50002082342 1.00001385726
1.50000014457 1.00000009293
1.49999994522 0.99999995892
1.50001205562 1.00000800627
1.50000249924 1.00000165227
1.50002012214 1.00001338962
1.50000055812 1.00000035303
1.50000124347 1.00000081695
1.49999889006 0.99999924756
1.50000284484 1.00000188633
1.4999960979 0.99999737952
1.499990454 0.99999359952
1.5000001497 1.00000009221
1.49999950062 0.99999966207
1.50000249924 1.00000165227
1.50000804477 1.00000535001
1.50000248898 1.00000165173
1.50001621119 1.00001079429
1.50000260067 1.00000172877
1.50003380142 1.00002249213
1.49999764806 0.99999842187
1.50000067035 1.00000043961
1.50001658352 1.00001101749
1.50000045174 1.00000029381
1.49999946012 0.99999962205
1.50000365862 1.00000243149
1.50003079578 1.00002050265
1.50000010758 1.00000006656
1.49998833414 0.9999921918
1.49999993154 0.99999995001
1.4999997069 0.99999980106
1.50000004602 1.00000002795
1.49997384792 0.99998253996
1.49996031966 0.9999735237
1.50000537906 1.00000357392
1.50002318178 1.00001542494
1.50000014457 1.00000009293
1.50008033484 1.00005352647
1.5000027093 1.00000179372
1.5000150051 1.00000996116
1.5000133959 1.00000891152
1.50008137146 1.00005421965
1.49998846446 0.9999922965
1.49993916588 0.99995938476
1.5000244461 1.00001627979
1.5000117219 1.00000780257
1.49993916588 0.99995938476
1.50000124347 1.00000081695
1.49999889006 0.99999924756
1.50000207615 1.00000137579
1.50000296184 1.0000019634
1.50002572014 1.00001711877
1.50000002442 1.00000001517
1.50000296184 1.0000019634
1.49999816574 0.99999877038
1.4999973318 0.99999820716
1.49999625468 0.99999748752
1.4999997663 0.99999983997
1.4999904324 0.99999359961
1.50000014457 1.00000009293
1.5000017913 1.00000118685
1.50000756822 1.00000503531
1.49999898006 0.99999931245
1.50000047028 1.00000031028
1.49999314212 0.99999541419
1.49998846446 0.9999922965
1.49994962028 0.99996638343
1.4999990148 0.99999933675
1.49999673825 0.99999779943
1.50000120162 1.00000079388
1.49999625468 0.99999748752
1.5000234777 1.00001563134
1.499983785 0.9999891762
1.50000074064 1.00000048875
1.49996422575 0.99997612443
1.49999670774 0.99999779202
1.50002420022 1.00001611554
1.5000046965 1.00000310586
1.5000131943 1.00000878306
1.49994960921 0.99996638325
1.49999578002 0.99999717684
1.49999316228 0.99999543129
1.50000309738 1.00000203192
1.50000612282 1.00000407054
1.49999483403 0.99999652293
1.49997584016 0.99998384556
1.50000207615 1.00000137579
1.49999688432 0.99999790032
1.50000207615 1.00000137597
1.49999673825 0.99999779943
1.5000353109 1.00002349734
1.49999996484 0.99999997467
1.50007905558 1.00005267276
1.49998616622 0.99999072396
1.49993916588 0.99995938476
1.49999057901 0.99999367719
1.50000078222 1.00000051554
1.50000207615 1.00000137597
1.50002953614 1.00001965776
1.4999940747 0.99999602934
1.50000284484 1.00000188633
1.4999999607 0.99999997188
1.49991752322 0.99994498761
1.50000096168 1.00000063467
1.49999425785 0.99999615987
1.5000015366 1.00000101588
1.5000090075 1.00000598532
1.49992805241 0.99995198145
1.50000805116 1.00000534965
1.50000067035 1.00000043961
1.49991328386 0.99994215111
1.49997766806 0.99998509614
1.49999183883 0.99999454119
1.4999729085 0.99998191626
1.50000296184 1.0000019634
1.49998200606 0.9999879837
1.4999999472 0.99999995892
1.49993916588 0.99995938476
1.50000042519 1.00000027887
1.49998927086 0.9999928221
1.50000045768 1.00000029648
1.4999941701 0.99999609579
1.50013231794 1.00008816414
1.50000191118 1.00000126734
1.50001196904 1.00000794525
1.4998948515 0.9999298623
1.50000396156 1.00000262787
1.50000157746 1.0000010457
1.50000864174 1.00000574322
1.50002667279 1.00001776281
1.49999057901 0.99999367719
1.5000004197 1.00000026846
1.49999578002 0.99999717684
1.50000013386 1.00000006956
1.49999643306 0.99999761469
1.50000004602 1.00000002795
1.50000002181 1.00000000797
1.50000378696 1.000002516
1.50000077664 1.00000051188
1.49999864382 0.99999908754
1.49999673825 0.99999779943
1.50000396156 1.00000262787
1.49999911776 0.99999940605
1.49999053932 0.99999367728
1.50000002181 1.00000000797
1.50003037026 1.0000202127
1.49998861926 0.99999238485
1.50001658352 1.00001101749
1.49981768937 0.99987841743
1.50003814788 1.00002539532
1.49993916588 0.99995938476
1.50001088166 1.00000723155
1.5000005223 1.00000034547
1.50000804477 1.00000535001
1.5000076854 1.000005108
1.49999879565 0.99999918879
1.50003385596 1.00002254571
1.4999842638 0.99998949516
1.5000001227 1.00000007988
1.50004712781 1.00003138545
1.49998846446 0.9999922965
1.49994962028 0.99996638343
1.50000011973 1.00000006983
1.50003369486 1.00002243228
1.50000077664 1.00000051188
1.50000077664 1.00000051188
1.50000138441 1.00000091835
1.4999994801 0.99999964611
1.50000043806 1.00000028748
1.50000337962 1.00000221438
1.49997766806 0.9999850965
1.4999997663 0.99999983997
1.49997766806 0.99998509614
1.49999764806 0.99999842187
1.50002126064 1.0000141512
1.49999879565 0.99999918897
1.5000757317 1.0000504491
1.50001658352 1.00001101749
1.49998022262 0.99998679303
1.49993916588 0.99995938476
1.50000002181 1.00000000797
1.499990454 0.99999359952
1.50000138441 1.00000091835
1.49999508738 0.99999670938
1.49999996484 0.99999997467
1.50000083901 1.00000053987
1.49990991138 0.9999398931
1.50002098092 1.00001395419
1.49998421754 0.99998946033
1.50000652854 1.00000433988
1.49999994522 0.99999995892
1.50000089382 1.00000057998
1.49999057901 0.99999367719
1.4999904324 0.99999359961
1.49998928094 0.99999283806
1.50007702383 1.00005130707
1.49999508738 0.99999670902
1.49996031966 0.9999735237
1.50000711624 1.00000473552
1.49998833414 0.9999921918
1.500000957 1.00000063476
1.49999911776 0.99999940596
1.49997766806 0.99998509614
1.50000198066 1.00000131543
1.49999999526 0.99999999573
1.5000001227 1.00000007988
1.50000043806 1.00000028748
1.4999973318 0.99999820716
1.49987090358 0.99991390272
1.50000002442 1.00000001517
1.49994273258 0.99996179568
1.5000110145 1.00000731204
1.4999973318 0.99999820716
1.49998200606 0.9999879837
1.49999993154 0.99999995001
1.49999879565 0.99999918897
1.50000617844 1.00000408236
1.50015599892 1.00010395599
1.49999303826 0.99999533097
1.49999314212 0.99999541419
1.50000089382 1.00000058034
1.49998727223 0.99999150279
1.50001658352 1.00001101749
1.50000788394 1.00000524327
1.49999994522 0.99999995892
1.4999586201 0.99997236501
1.49998833414 0.9999921918
1.5000125067 1.00000832226
1.49999992956 0.99999995037
1.50000207615 1.00000137597
1.50000052986 1.00000034484
1.49996565378 0.99997707156
1.4999586201 0.99997236501
1.49999946597 0.99999963939
1.49998022262 0.99998679303
1.50000055812 1.00000035303
1.50008137146 1.00005421965
1.50000296184 1.0000019634
1.50001617348 1.0000107528
1.49998901346 0.9999926643
1.50001658352 1.00001101749
1.49992805241 0.99995198145
1.50003197946 1.0000213017
1.50001621119 1.00001079429
1.4999918301 0.99999454128
1.4999997726 0.99999983988
1.49990188086 0.99993453885
1.49999314212 0.99999541419
1.49992805241 0.99995198145
1.50000014457 1.00000009293
1.50000191118 1.00000126734
1.50000010758 1.00000006656
1.4999962446 0.99999748788
1.4998992039 0.99993275934
1.50000083901 1.00000053987
1.5000110145 1.00000731204
1.50000157746 1.0000010457
1.49998892121 0.99999258333
1.50001144803 1.00000761933
1.49995857951 0.99997236141
1.50001938639 1.00001290479
1.50000077664 1.00000051188
1.49987640816 0.99991756725
1.49999568291 0.99999711195
1.50000670026 1.00000445094
1.4999999148 0.99999993204
1.49993184132 0.99995453136
1.50000004602 1.00000002795
1.49999498208 0.99999664071
1.5000004359 1.00000028247
1.49999316228 0.99999543129
1.50004712781 1.00003138545
1.50000002442 1.00000001517
1.50000284484 1.00000188633
1.50000805116 1.00000534965
1.50006712779 1.00004469837
1.49994265239 0.99996173745
1.50000077664 1.00000051188
1.50001658352 1.00001101749
1.49999673825 0.99999779943
1.49999998698 0.99999998538
1.50000157746 1.0000010457
1.49991328386 0.99994215111
1.4999994801 0.99999964611
1.5000017391 1.00000114179
1.50000120162 1.00000079388
1.49998846446 0.9999922965
1.50002111466 1.00001402862
1.50005833956 1.00003886352
1.49999889006 0.99999924756
1.500055254 1.00003679952
1.49999760126 0.9999983949
1.4999904324 0.99999359961
1.49998382154 0.99998917623
1.500000957 1.00000063476
1.50000047028 1.00000031028
1.5000757317 1.0000504491
1.50000067035 1.00000043961
1.49999941098 0.99999960459
1.5000004359 1.00000028247
1.50002925075 1.00001947443
1.50000082938 1.00000053978
1.50000804477 1.00000535001
1.50005097342 1.00003395714
1.4999960979 0.99999737952
1.49991328386 0.99994215111
1.49997910644 0.99998605716
1.5001435521 1.00009565916
1.50000045768 1.00000029648
1.50000013386 1.00000006956
1.50000263694 1.00000174722
1.50000822909 1.00000547403
1.49999994558 0.99999995913
1.50000045174 1.00000029381
1.499958054 0.99997199952
1.5000001497 1.00000009221
1.49999568291 0.99999711195
1.50002572014 1.00001711877
1.5000017391 1.00000114179
1.49999816574 0.99999877038
1.49987640816 0.99991756725
1.4999445729 0.99996300534
1.5001714179 1.00011423534
1.50005832444 1.00003885215
1.49997384792 0.99998253996
1.50010173594 1.000067793
1.4999973318 0.99999820716
1.49999998698 0.99999998538
1.50000002181 1.00000000797
1.49999949792 0.99999965127
1.50000077664 1.00000051188
1.49999303826 0.99999533097
1.50000082938 1.00000053978
1.4999931918 0.99999543111
1.49998200606 0.9999879837
1.4999999607 0.99999997188
1.49998382154 0.99998917623
1.49994960921 0.99996638325
1.50000002181 1.00000000797
1.4999904324 0.99999359961
1.50001658352 1.00001101749
1.4999997285 0.99999981627
1.49999944446 0.9999996261
1.49999578002 0.99999717684
1.50000233814 1.00000154877
1.4999997726 0.99999983988
1.5000125067 1.00000832226
1.50005435922 1.00003620135
1.49991639336 0.99994422915
1.50000014457 1.00000009293
1.49998549734 0.99999030882
1.49999993154 0.99999995001
1.49998887297 0.99999256623
1.49999643306 0.99999761469
1.49999308326 0.9999953709
1.50000329214 1.00000217271
1.49999993154 0.99999995001
1.5000004359 1.00000028229
1.50002953614 1.00001965776
1.50000043806 1.00000028748
1.50000175026 1.00000116168
1.49978840238 0.99985888653
1.50002667279 1.00001776281
1.4999920461 0.99999467706
1.49987640816 0.99991756725
1.50000263694 1.00000174722
1.50013666548 1.00009105683
1.49999987835 0.99999990573
1.5000001227 1.00000007988
1.49999800356 0.99999865881
1.50005097342 1.00003395714
1.49999911218 0.99999940077
1.49999889006 0.99999924756
1.50000014457 1.00000009293
1.50000207615 1.00000137579
1.50000708141 1.00000470291
1.50000094755 1.00000061595
1.50001756128 1.00001169351
1.50014179728 1.00009448364
1.499983785 0.99998917611
1.49998482396 0.99998986704
1.5000001227 1.00000007988
1.50000075576 1.00000049115
1.49999828985 0.99999885261
1.49999911776 0.99999940605
1.50002012214 1.00001338962
1.50001617348 1.0000107528
1.49999686776 0.99999790068
1.4999986953 0.999999123
1.50000617844 1.00000408236
1.49999782068 0.99999853332
1.5000009309 1.00000061604
1.49999862717 0.99999906189
1.50000083901 1.00000053987
1.50005554578 1.000036977
1.49999493582 0.99999661668
1.50000652854 1.00000433988
1.49999862717 0.99999906189
1.50000537906 1.00000357392
1.49999996934 0.99999997602
1.50000864174 1.00000574322
1.5000001281 1.00000007523
1.49999568291 0.99999711195
1.50000002181 1.00000000797
1.5000001227 1.00000007988
1.49992805241 0.99995198145
1.50002082342 1.00001385726
1.50000089382 1.00000058034
1.49999217966 0.9999947781
1.50000329214 1.00000217271
1.50006712779 1.00004469837
1.50000708141 1.00000470291
1.49999673825 0.99999779943
1.49999303826 0.99999533097
1.49999777262 0.99999850773
1.50000004602 1.00000002795
1.49999316228 0.99999543129
1.50000804477 1.00000535001
1.50000197004 1.00000129776
1.49993916588 0.99995938476
1.50000249924 1.00000165236
1.50004967454 1.00003308849
1.5000017391 1.00000114179
1.49999816574 0.99999877038
1.49999498208 0.99999664071
1.50000077664 1.00000051188
1.49999911776 0.99999940596
1.50000381144 1.00000251564
1.5000001227 1.00000007988
1.49999828985 0.99999885261
1.50000396156 1.00000262787
1.50000698484 1.00000464081
1.50000327126 1.0000021695
1.49999910102 0.99999939228
1.4999997285 0.99999981627
1.49998022262 0.99998679303
1.49993916588 0.99995938476
1.50000245478 1.00000162932
1.49999781042 0.99999853269
1.50000473628 1.00000314549
1.50001658352 1.00001101749
1.49997766806 0.99998509614
1.50001658352 1.00001101749
1.5000002037 1.00000013388
1.49999718726 0.9999981141
1.49999686776 0.99999790068
1.50003079578 1.00002050265
1.50000808662 1.00000538034
1.49999718726 0.9999981141
1.49993916588 0.99995938476
1.49998887297 0.99999256623
1.50002027505 1.00001347341
1.5000004197 1.00000026846
1.49999760126 0.9999983949
1.49992759917 0.99995169867
1.49999308326 0.9999953709
1.5000578541 1.00003852716
1.50000309738 1.00000203192
1.4999918301 0.99999454128
1.50000329214 1.00000217271
1.50003519003 1.00002342921
1.5000147027 1.00000978377
1.49994254025 0.99996166041
1.50000067035 1.00000043961
1.49999719167 0.99999811509
1.499990454 0.99999359952
1.50000013386 1.00000006956
1.49999901246 0.99999933648
1.5000020964 1.00000137561
1.4999997402 0.99999982356
1.4999997663 0.99999983997
1.50002953614 1.00001965776
1.49997384792 0.99998253996
1.49999509044 0.99999669744
1.5000001227 1.00000007988
1.499958054 0.99997199952
1.50000089382 1.00000058034
1.49999996934 0.99999997602
1.49998869009 0.99999243513
1.4999586201 0.99997236501
1.50000806394 1.00000534992
1.49999624334 0.99999748716
1.49998549734 0.99999030882
1.50000711624 1.00000473552
1.50000260067 1.00000172877
1.50000013386 1.00000006956
1.4999986953 0.999999123
1.5000150051 1.00000996116
1.50000198066 1.00000131543
1.50001617348 1.0000107528
1.50001191702 1.00000791681
1.50000045768 1.00000029648
1.5000017391 1.00000114179
1.49999629302 0.9999975219
1.5000125067 1.00000832226
1.49999057901 0.99999367719
1.49998384575 0.99998919639
1.50000207615 1.00000137579
1.50000010758 1.00000006656
1.5000133959 1.00000891152
1.49998861926 0.99999238485
1.5000125067 1.0000083219
1.5000234777 1.00001563134
1.49993916588 0.99995938476
1.49999996484 0.99999997467
1.50000079212 1.00000051029
1.49999797386 0.99999864468
1.4999999661 0.99999997629
1.5000005223 1.00000034547
1.50000045174 1.00000029381
1.49998238658 0.99998823804
1.50012883782 1.00008584349
1.5000076854 1.000005108
1.49994960921 0.99996638325
1.50001416702 1.0000094322
1.50000249924 1.00000165227
1.49998869009 0.99999243513
1.49998238658 0.99998823804
1.49999175738 0.99999448287
1.4999997726 0.99999983988
1.50003814788 1.00002539532
1.49999719167 0.99999811509
1.49999998356 0.9999999858
1.50000011973 1.00000006983
1.50000082938 1.00000053978
1.49999889006 0.99999924756
1.4999998851 0.99999991743
1.50000082938 1.00000053978
1.5000020721 1.00000137543
1.4999960979 0.99999737952
1.50000309738 1.00000203192
1.49998616622 0.99999072396
1.49999673825 0.99999779943
1.4998992039 0.99993275934
1.49993916588 0.99995938476
1.50005839302 1.00003889454
1.5000234777 1.00001563134
1.50000207615 1.00000137597
1.49999950062 0.99999966207
1.49997584016 0.99998384556
1.50000049422 1.00000032594
1.4998864581 0.99992426316
1.50000197004 1.00000129776
1.5000001038 1.00000006653
1.50000309738 1.00000203192
1.5000117219 1.00000780257
1.4999940747 0.99999602934
1.49999115294 0.99999407694
1.4999997663 0.99999983997
1.49999910102 0.99999939228
1.49999673825 0.99999779943
1.5000004197 1.00000026846
1.50005833956 1.00003886352
1.49999688432 0.99999790032
1.5000069969 1.00000465629
1.49998869009 0.99999243513
1.49998469616 0.99998977488
1.49999578002 0.99999717684
1.5000076854 1.000005108
1.50000995178 1.00000662468
1.50000191118 1.00000126734
1.49999541174 0.99999693282
1.4999931918 0.99999543111
1.49998861926 0.99999238485
1.49999860458 0.9999990576
1.50000138441 1.00000091835
1.4999940747 0.99999602934
1.50000002181 1.00000000797
1.49999994522 0.99999995892
1.50000082938 1.00000053978
1.49998869009 0.99999243513
1.49999911776 0.99999940596
1.50000822909 1.00000547403
1.49999508738 0.99999670938
1.49998616622 0.99999072396
1.49995292436 0.99996858672
1.50000248898 1.00000165173
1.50000011973 1.00000006983
1.49999911776 0.99999940596
1.5000179679 1.00001195955
1.50000094755 1.00000061595
1.50001302213 1.00000866567
1.50000002181 1.00000000797
1.49999702778 0.99999801018
1.49995572246 0.99997044753
1.50002027505 1.00001347341
1.4999998851 0.99999991743
1.49999568291 0.99999711195
1.49998861926 0.99999238485
1.50002419644 1.0000160718
1.50000014457 1.00000009293
1.49994813168 0.99996539856
1.49999911218 0.99999940077
1.50000013386 1.00000006956
1.50001088166 1.00000723155
1.50000617844 1.00000408236
1.50000004602 1.00000002795
1.4999293071 0.99995282916
1.49999688432 0.99999790032
1.50000612282 1.00000407054
1.50000004602 1.00000002795
1.5000019587 1.0000012974
1.49990991138 0.9999398931
1.50000082938 1.00000053978
1.49999185323 0.99999454977
1.5000020721 1.00000137543
1.49999898006 0.99999931245
1.49999992956 0.99999995037
1.49999987835 0.99999990573
1.5000578541 1.00003852716
1.50002027505 1.00001347341
1.50002027505 1.00001347341
1.50000089382 1.00000057998
1.50000010758 1.00000006656
1.50000804477 1.00000535001
1.49992759917 0.99995169867
1.49999316228 0.99999543129
1.5000076854 1.000005108
1.50003037026 1.0000202127
1.49998200606 0.9999879837
1.49998846446 0.9999922965
1.49999115294 0.99999407694
1.50000612282 1.00000407054
1.50000039729 1.00000026297
1.49999688432 0.99999790032
1.50001617348 1.0000107528
1.5000017391 1.00000114179
1.49990991138 0.9999398931
1.49999483403 0.99999652293
1.50005435922 1.00003620135
1.50000043806 1.00000028748
1.5000068286 1.00000454388
1.49999308326 0.9999953709
1.49998022262 0.99998679303
1.49998384575 0.99998919639
1.4999990148 0.99999933675
1.49999879565 0.99999918879
1.49999955975 0.99999970305
1.49999816574 0.99999877038
1.49999173758 0.99999448098
1.50000260814 1.00000172859
1.4999973318 0.99999820716
1.50000003846 1.00000001886
1.49994960921 0.99996638325
1.50000191118 1.00000126734
1.50000045768 1.00000029648
1.50000995178 1.00000662468
1.5000046965 1.00000310586
1.49999901246 0.99999933648
1.49998482396 0.99998986704
1.50006639906 1.0000442409
1.5000068286 1.00000454388
1.50001617348 1.0000107528
1.50001191702 1.00000791681
1.50000160608 1.00000106484
1.5000244461 1.00001627979
1.4999973318 0.99999820716
1.49999987835 0.99999990573
1.50000191118 1.00000126734
1.49999688432 0.99999790032
1.50000296184 1.0000019634
1.49999993154 0.99999995001
1.50000296184 1.0000019634
1.50000207615 1.00000137597
1.4999586201 0.99997236501
1.49999516802 0.99999676851
1.4999940747 0.99999602934
1.49999996484 0.99999997467
1.50000207615 1.00000137579
1.49992759917 0.99995169867
1.50000612282 1.00000407054
1.50000482826 1.00000321125
1.5000004242 1.00000027257
1.4999960979 0.99999737952
1.50001617348 1.0000107528
1.50000013386 1.00000006956
1.50000378696 1.000002516
1.50000197004 1.00000129776
1.49999879565 0.99999918897
1.49999057901 0.99999367719
1.49996565378 0.99997707156
1.4999997726 0.99999983988
1.49999998698 0.99999998538
1.49995572246 0.99997044753
1.49999996484 0.99999997467
1.49998022262 0.99998679303
1.50000374538 1.00000247199
1.4999842638 0.99998949516
1.5000017913 1.00000118685
1.5000131943 1.00000878306
1.5000028659 1.00000190076
1.50003519003 1.00002342921
1.49999183883 0.99999454119
1.50000612282 1.00000407054
1.50001196904 1.00000794525
1.49998549734 0.99999030882
1.50000043698 1.00000028787
1.50000207615 1.00000137597
1.50002420022 1.00001611554
1.49998421754 0.99998946033
1.50000002181 1.00000000797
1.49991027012 0.99994014348
1.49992759917 0.99995169867
1.50001185636 1.00000789044
1.50000233814 1.00000154877
1.50006712779 1.00004469837
1.5000578541 1.00003852716
1.49987090358 0.99991390272
1.50000077664 1.00000051188
1.50000805116 1.00000534965
1.49999508738 0.99999670938
1.5000002073 1.00000013397
1.49999764806 0.99999842187
1.49991639336 0.99994422915
1.49994962028 0.99996638343
1.49998399974 0.99998931705
1.50000248898 1.00000165173
1.50000229782 1.00000152672
1.49995857951 0.99997236141
1.50000049422 1.00000032594
1.50000338754 1.00000224996
1.49983930989 0.99989282997
1.49999993154 0.99999995001
1.49999185323 0.99999454977
1.50000011973 1.00000006983
1.49998200606 0.9999879837
1.5000150051 1.00000996116
1.4999931918 0.99999543111
1.49999686776 0.99999790068
1.49998869009 0.99999243513
1.49995572246 0.99997044753
1.49999057901 0.99999367719
1.50000337962 1.00000221438
1.50000374538 1.00000247199
1.49999764806 0.99999842187
1.499983785 0.99998917611
1.50000013386 1.00000006956
1.49999949792 0.99999965127
1.499990454 0.99999359952
1.49999568291 0.99999711195
1.4999988843 0.99999925197
1.49999115294 0.99999407694
1.50000025986 1.0000001649
1.49998022262 0.99998679303
1.50000871158 1.00000579161
1.50000047028 1.00000031028
1.50000598818 1.0000039671
1.4999973318 0.99999820716