1.49985391635 0.99990249567
1.50266740149 1.00177805547
1.50017637951 1.00011749595
1.50147002214 1.00097974914
1.50000873516 1.00000579053
1.49669596314 0.99779707248
1.50010344954 1.00006885881
1.50702736932 1.00468456467
1.49971275549 0.99980839347
1.50287213439 1.00191449877
1.500818958 1.00054575909
1.50225618123 1.00150378677
1.49994406314 0.99996264942
1.49984843085 0.99989884971
1.50056696466 1.00037788872
1.4996675079 0.99977824527
1.4939900262 0.99599261397
1.49860189125 0.99906749691
1.48022963298 0.9868186743
1.49976988398 0.99984647679
1.49942578968 0.99961703016
1.50003523566 1.00002342894
1.49998136346 0.99998754606
1.49403215376 0.99602110179
1.49928975234 0.99952582425
1.45227474387 0.96818198199
1.5002265663 1.00015095534
1.49987543706 0.99991683726
1.50167214945 1.00111446195
1.49969249154 0.99979467774
1.5005950245 1.00039655601
1.50084756009 1.00056475275
1.49935425192 0.99956913768
1.50049014678 1.00032654558
1.50282544302 1.00188330954
1.49993851734 0.99995890932
1.50894287316 1.00596097572
1.49367951018 0.99578572875
1.50012112725 1.00008059601
1.49956795494 0.99971187069
1.5000425307 1.00002828786
1.50440892642 1.0029382251
1.5007808133 1.00052001465
1.51670149866 1.01113384443
1.50153080796 1.00101999936
1.50000808662 1.00000538034
1.50401763306 1.00267815435
1.50244945704 1.00163265315
1.5138947304 1.00926259008
1.4989262634 0.99928379781
1.43473488048 0.95648882343
1.48701802086 0.9913446393
1.50047798652 1.00031846307
1.4559079185 0.97060424574
1.50618352878 1.00412207106
1.50807756528 1.00538454273
1.499885289 0.99992339916
1.50088519476 1.00058995344
1.4792681079 0.98617822182
1.49967959085 0.99978572757
1.4999670315 0.99997790706
1.52160937686 1.0144056804
1.49361075603 0.99573990333
1.4997191517 0.99981269889
1.44689994261 0.96459897543
1.48321863351 0.98881171485
1.50174003006 1.00115946936
1.5010315875 1.00068749862
1.50092258229 1.00061476089
1.49854395222 0.99902887842
1.5011197947 1.00074639534
1.50256192869 1.00170758589
1.48225887738 0.98817179496
1.49733407934 0.99822248106
1.48484124558 0.9898935045
1.5004023759 1.0002681543
1.55884019742 1.03922552958
1.49996383092 0.99997580859
1.52763134958 1.01842015176
1.50306588432 1.0020435594
1.5020597907 1.00137281718
1.50762768534 1.00508480184
1.49984703666 0.99989793705
1.48357758366 0.9890512854
1.49087706102 0.99391747668
1.49075707194 0.99383709318
1.50019963974 1.0001325363
1.50237413217 1.00158239175
1.50051473514 1.00034294154
1.49997801294 0.99998529162
1.4929632081 0.99530837601
1.5000667695 1.0000442346
1.51026213942 1.00684057434
1.49944743666 0.99963152475
1.5005844126 1.00038936
1.50428344734 1.00285534626
1.4987815785 0.99918749619
1.50173961903 1.00115947107
1.50000124347 1.00000081695
1.50004951641 1.00003297659
1.49361075603 0.99573990333
1.4945457627 0.9963632904
1.49699966454 0.99799951587
1.4965281279 0.9976849809
1.50147002214 1.00097974914
1.49995044234 0.99996693432
1.49779842201 0.99853135311
1.4999176881 0.99994498608
1.50001038486 1.00000688163
1.5270674247 1.01804388243
1.50015120255 1.00010068017
1.49970716496 0.999804714
1.50525776142 1.00350460014
1.4985003375 0.99899999934
1.4823789435 0.98825159574
1.48305660048 0.98870353512
1.50477858342 1.00318529373
1.4999905701 0.99999367341
1.49638096215 0.99758695605
1.49952992778 0.99968643072
1.50572487303 1.00381622127
1.50056369586 1.00037560605
1.50992498016 1.00661624595
1.50132749238 1.00088470248
1.50800172471 1.00533384537
1.49986650348 0.99991094508
1.50068301894 1.00045520952
1.5000982749 1.000065444
1.50005815884 1.00003873965
1.50000077664 1.00000051197
1.50206992335 1.00137946803
1.49999528754 0.9999967677
1.49737364262 0.99824891748
1.5001659432 1.00011055056
1.50997703526 1.00665101832
1.5009815997 1.00065372555
1.47972749004 0.98648417832
1.49599967418 0.99733235793
1.5027680943 1.00184515098
1.47556996299 0.98371257855
1.4735339721 0.98235482019
1.50019894332 1.00013253549
1.48562900154 0.99041876586
1.49973022512 0.99982001616
1.49991958656 0.99994632045
1.49978755998 0.99985826922
1.4507445231 0.96716231682
1.49948876718 0.99965895978
1.48183597386 0.98789018082
1.48074214617 0.98716078689
1.5034257441 1.00228287828
1.49838634188 0.99892395672
1.49355886122 0.99570504948
1.50055425306 1.0003692252
1.50140217861 1.00093459155
1.50084979218 1.00056638622
1.49999808618 0.99999870066
1.50358884606 1.0023922014
1.50008163201 1.00005433215
1.48708516122 0.99138932907
1.4999551758 0.99997005471
1.53943006131 1.02628598883
1.48046558112 0.9869760888
1.50027827742 1.00018542594
1.5049244052 1.00328217363
1.4986850661 0.99912317082
1.49981437044 0.99987620331
1.4985176193 0.99901157943
1.52093038068 1.01395303587
1.50663435255 1.00442209809
1.49271274845 0.99514092951
1.4326699014 0.95511225192
1.50007476222 1.00004963853
1.499990454 0.99999359952
1.49940813582 0.99960509028
1.50006318462 1.00004204292
1.5368368617 1.02455706873
1.5182651637 1.01217602238
1.50299839359 1.00199870355
1.52660736306 1.01773760091
1.5040426059 1.00269456882
1.49638096215 0.99758695605
1.50028881138 1.00019243283
1.49931184302 0.99954114894
1.5060067515 1.00400399808
1.50017915718 1.00011938064
1.49915871846 0.99943900017
1.50018473178 1.00012305228
1.49541426342 0.99694251834
1.4997636648 0.99984231825
1.50000208614 1.00000137042
1.49679138222 0.9978604086
1.49925585942 0.99950377257
1.47639198348 0.98426061843
1.513125063 1.00874930307
1.49966359893 0.99977553345
1.49644711116 0.99763121151
1.49990935122 0.99993944742
1.5000405345 1.00002689952
1.50042436434 1.00028279862
1.47228992064 0.98152611423
1.5002246727 1.00014964392
1.4995400427 0.99969326286
1.49314798413 0.99543150555
1.4985607266 0.99904022127
1.5000733683 1.00004865348
1.5049244052 1.00328217363
1.4944067811 0.99627078264
1.47050230743 0.98033378283
1.48750351407 0.99166809741
1.51400160666 1.00933398039
1.51868404116 1.01245530969
1.49999879565 0.99999918897
1.49524609986 0.9968304627
1.48275131238 0.98850035967
1.48408344828 0.98938829976
1.49966506998 0.99977649144
1.45761725646 0.9717441057
1.51157081097 1.00771333557
1.5006722337 1.00044802134
1.50069050802 1.00046005143
1.50942195774 1.00628081394
1.50050591262 1.00033710378
1.49939263782 0.99959500194
1.50000094755 1.00000061595
1.5070885137 1.00472483502
1.50222730905 1.00148419383
1.4910090381 0.99400555626
1.49598108738 0.99732051294
1.50000531984 1.00000347555
1.50044234094 1.00029481992
1.51227775395 1.00818460599
1.50567747066 1.00378415841
1.49192669934 0.99461722941
1.4972404311 0.99815984034
1.49480018838 0.99653310822
1.49877040932 0.99918011733
1.49233057848 0.99488655096
1.50045924429 1.00030568895
1.50041233908 1.00027463373
1.50918616638 1.00612370463
1.47850020846 0.98566617993
1.4801609286 0.98677324485
1.50010534467 1.00007019231
1.50066218988 1.00044130848
1.49996055393 0.99997365417
1.41573851757 0.94382478843
1.50022122705 1.00014738021
1.50002994528 1.00001994603
1.50568809957 1.00379178891
1.5108520005 1.00723415886
1.45986927075 0.97324537119
1.49989188888 0.99992776317
1.5000487047 1.00003243146
1.49989123386 0.99992741046
1.50147659754 1.00098418581
1.49952899394 0.99968583102
1.5000012441 1.00000079397
1.49615759907 0.99743807445
1.50069981699 1.00046635947
1.49987589354 0.99991711557
1.49936279058 0.99957486966
1.50032410002 1.00021583499
1.50003520254 1.00002344229
1.50110787195 1.00073839371
1.50490665342 1.00327084494
1.50209298882 1.00139505126
1.5000325443 1.00002157968
1.49675538258 0.99783664353
1.50817184964 1.00544739684
1.49995021248 0.99996677673
1.40920819065 0.93947093583
1.49760414882 0.99840183717
1.5050491479 1.00336571646
1.50396682104 1.00264430247
1.49912546256 0.99941670531
1.50003130266 1.0000208265
1.5228733077 1.01524838046
1.49129081127 0.99419354013
1.52482335876 1.01654789415
1.4950734687 0.99671526954
1.49918435262 0.99945609423
1.5076890477 1.00512573702
1.4991106806 0.99940650756
1.5023999853 1.00159900926
1.49995967157 0.99997304289
1.5001435521 1.00009565988
1.50020405766 1.00013597184
1.48869896526 0.99246562614
1.48325839146 0.988838526
1.52897671935 1.01931722817
1.50856577118 1.00570985397
1.50007542642 1.00005020952
1.49824117872 0.99882731436
1.45849279392 0.97232731716
1.49982559974 0.99988364859
1.50093693594 1.00062452832
1.46162715498 0.97441699533
1.51054063092 1.00702632489
1.49786766108 0.99857828928
1.49999864382 0.99999908754
1.50435192366 1.00290087078
1.50406798266 1.00271170824
1.50000406254 1.00000269186
1.5070026807 1.00466783736
1.50171155838 1.00114078416
1.49998868802 0.99999242574
1.50009891066 1.00006588278
1.49991200604 0.99994128933
1.48451905206 0.98967849234
1.5000317505 1.00002114402
1.50360606918 1.00240371594
1.4959466685 0.99729756066
1.50113409228 1.00075545951
1.53839527344 1.02559592076
1.5080733711 1.0053818997
1.50436459368 1.00290927177
1.470062061 0.98004058845
1.50096435426 1.00064269866
1.53631190988 1.02420710916
1.4999274675 0.99995156229
1.49996222847 0.99997474701
1.50058482093 1.00038958143
1.50023596338 1.00015702872
1.49998379184 0.99998917629
1.49970194424 0.999801204
1.4909506893 0.99396671226
1.50007505742 1.00004999838
1.50050591262 1.00033710414
1.4872671963 0.99151106022
1.49860189125 0.99906749691
1.49480018838 0.99653310822
1.50832486872 1.00554938643
1.5005799945 1.00038644889
1.42298765091 0.94865752875
1.49450917356 0.99633920064
1.52265820707 1.01510485167
1.5023708766 1.00157999139
1.4917181715 0.99447836772
1.49936279058 0.99957486966
1.49941096794 0.99960713646
1.50694234317 1.00462771959
1.51688967183 1.01125854507
1.491291513 0.99419399844
1.50955638606 1.00637040435
1.49607279396 0.99738150189
1.49936961627 0.99957965379
1.4999024016 0.99993484479
1.48874195358 0.99249413487
1.5001200396 1.00007980707
1.50335233884 1.00223463312
1.49923206972 0.99948785544
1.50387413094 1.00258239102
1.50476226534 1.00317445092
1.4536087029 0.96907128828
1.48583221317 0.99055407741
1.48565336634 0.99043504134
1.49999888061 0.99999924873
1.4999620383 0.99997466379
1.5005046204 1.00033626576
1.46970628632 0.97980326439
1.49740046982 0.99826651746
1.58279589126 1.05519607071
1.50004875672 1.00003247916
1.50104496492 1.00069654839
1.49916869766 0.9994456932
1.49790103479 0.99860048907
1.48480292637 0.98986804707
1.53254299518 1.02169463472
1.49947803144 0.99965195499
1.50744938589 1.00496552043
1.53893111337 1.02595341849
1.61016211089 1.07344016475
1.4999806035 0.99998684619
1.4981120595 0.99874101552
1.4971805838 0.99812015673
1.47372833322 0.98248471503
1.49993743275 0.99995824881
1.49998307058 0.99998867136
1.50022975878 1.00015302354
1.4719340259 0.98128835682
1.49999508738 0.99999670938
1.4668169922 0.97787711244
1.49977703637 0.99985127523
1.49819092722 0.99879324198
1.49262028218 0.99507978522
1.50085483722 1.00056972654
1.51550779086 1.01033797038
1.50006287988 1.00004186265
1.50473391129 1.00315532877
1.49746686525 0.99831082083
1.4994457191 0.99963034008
1.49967494118 0.99978306786
1.46943877104 0.97962485316
1.49998047516 0.99998694969
1.48425103854 0.98950024407
1.50559199784 1.00372727127
1.4990561487 0.99937059486
1.50769527228 1.00512988491
1.500062004 1.00004130687
1.49729518332 0.99819656484
1.49963422158 0.99975594075
1.49908429836 0.99938901165
1.49824757376 0.99883155408
1.4990841693 0.99938901327
1.49996234115 0.99997477641
1.47244052826 0.9816265107
1.47041260038 0.98027393244
1.46574787842 0.97716403761
1.49237234514 0.9949142307
1.49993912214 0.99995938557
1.49997952026 0.99998631582
1.49693293458 0.99795482925
1.49975425638 0.99983603601
1.49885437185 0.99923602221
1.50722545473 1.00481661843
1.49606677638 0.99737715894
1.51836061482 1.01223992598
1.4375642868 0.95837492301
1.49998637268 0.99999089295
1.49896644786 0.99931083276
1.5006323025 1.00042124736
1.50488243046 1.00325388456
1.53674497665 1.02449574795
1.49993914644 0.99995938467
1.49849998884 0.99899979639
1.49941774395 0.99961164321
1.49854395222 0.99902887842
1.5198017445 1.01320064781
1.49993851734 0.99995891202
1.50041233908 1.00027463373
1.50468981786 1.00312579581
1.49132156346 0.99421384671
1.4959748331 0.99731573646
1.50002419644 1.00001607243
1.50000260814 1.00000172859
1.46676247605 0.97784074437
1.50004977246 1.00003297434
1.49522283 0.99681497511
1.49980087656 0.99986718411
1.47909444228 0.98606233989
1.41430761297 0.94287071409
1.43473488048 0.95648882343
1.4997694302 0.99984604716
1.49883294834 0.99922123092
1.49999625468 0.99999748797
1.50012112725 1.00008059601
1.54992792528 1.03328439957
1.5094498644 1.00629923019
1.49853019653 0.99902001201
1.51159177818 1.00772696868
1.5006161781 1.00041061461
1.50027955164 1.00018604673
1.49699259675 0.99799462209
1.52437230288 1.01624764044
1.50519479346 1.0034629074
1.49998718907 0.99999140271
1.50867183321 1.00578092805
1.58814236187 1.05876048579
1.49937601536 0.99958370589
1.500011874 1.00000787316
1.49906544318 0.99937647411
1.50084215388 1.00056124383
1.5198017445 1.01320064781
1.49828889582 0.99885903882
1.49999686776 0.99999790068
1.50002202402 1.00001456154
1.478746314 0.98582979471
1.49674688487 0.99783096927
1.4918802075 0.99458646654
1.50430115367 1.00286653059
1.49816567394 0.99877681698
1.4999904405 0.99999359673
1.5000326262 1.00002167952
1.50075986904 1.00050630729
1.53433286262 1.02288769539
1.5007594968 1.00050563868
1.5500213982 1.03334687772
1.49787145998 0.99858045153
1.50295449483 1.00196938161
1.49964456915 0.99976242309
1.49937419016 0.99958268664
1.4999939163 0.99999585456
1.49944608846 0.9996306234
1.49930709165 0.99953793033
1.49638096215 0.99758695605
1.49979245724 0.99986146467
1.50015849984 1.00010557356
1.50017705766 1.0001179653
1.50473427786 1.00315586859
1.53387200043 1.02258063837
1.5524027649 1.03493442756
1.4997038652 0.99980220363
1.50000191118 1.00000126734
1.49335583454 0.99557021706
1.50060116934 1.00040043351
1.4999998851 0.99999991743
1.50015880845 1.00010578587
1.5132225195 1.00881449781
1.50621500106 1.00414302774
1.49993432496 0.99995590329
1.49993912214 0.99995938458
1.53559438956 1.02372871353
1.49932631979 0.99955058019
1.49557878 0.99705181251
1.52724102102 1.01816004399
1.51213071294 1.00808670312
1.52660736306 1.0177376019
1.5002208522 1.00014683871
1.50036537861 1.00024338705
1.50019894332 1.00013253549
1.49999704785 0.99999796407
1.5242525892 1.01616767664
1.50121108242 1.00080713187
1.43374497228 0.95582871492
1.5001064919 1.00007092554
1.5065982027 1.00439848662
1.43685683271 0.95790347955
1.50000014457 1.00000009293
1.5707432511 1.04716121628
1.49956846776 0.99971210715
1.56756159846 1.04504011566
1.5000020964 1.00000137561
1.5000733683 1.00004865348
1.49795477595 0.99863629179
1.49992460748 0.9999495252
1.49745896991 0.99830520255
1.49996158038 0.99997434834
1.49837397462 0.99891580884
1.49985455958 0.99990296421
1.49742451926 0.99828256614
1.49994042858 0.99996022068
1.4960589417 0.99737207916
1.49996436048 0.99997617768
1.49862180474 0.99908100897
1.49982559974 0.99988364859
1.5073908525 1.00492683057
1.50003091944 1.00002050247
1.4939900262 0.99599261397
1.49916891123 0.99944574849
1.44923255136 0.96615382587
1.50908684148 1.00605725268
1.49782445514 0.99854930382
1.49838824898 0.99892471347
1.50046365546 1.00030887438
1.5017185656 1.00114550628
1.50007895181 1.00005257433
1.50000055812 1.00000035303
1.4986855908 0.99912355152
1.4999646312 0.99997631781
1.49983186392 0.99988760247
1.5035633955 1.00237514862
1.4999605299 0.99997365426
1.50025112982 1.00016731554
1.50003221742 1.0000213809
1.49645028546 0.99763331667
1.4970694005 0.99804599916
1.50253943274 1.00169225055
1.495575765 0.99704999592
1.50033842226 1.00022542584
1.50011215218 1.00007472957
1.5046053561 1.00306978536
1.50312074256 1.0020801012
1.4984685207 0.99897876186
1.50568560612 1.00379008284
1.48789504773 0.99192939405
1.5004930887 1.0003281414
1.50085010862 1.00056663498
1.49987398464 0.99991584711
1.5242525892 1.01616767664
1.52749038078 1.0183262217
1.50022031094 1.00014681282
1.5011159589 1.00074335763
1.54161588834 1.02774304986
1.49816071314 0.99877353036
1.49994265239 0.99996173745
1.45986927075 0.97324537119
1.49973873462 0.99982573914
1.51065551601 1.00710330717
1.5025181733 1.00167857934
1.50040778409 1.00027174179
1.50010256862 1.00006825374
1.4999707359 0.99998043588
1.51875548586 1.01250296406
1.49990935122 0.99993944742
1.49668430292 0.99778930953
1.49983091496 0.99988713069
1.5030411273 1.00202635878
1.5004421235 1.00029431103
1.50051244032 1.00034150244
1.49926830309 0.99951206541
1.5070266513 1.00468384686
1.4988004542 0.99920015844
1.5006161781 1.00041061461
1.50078812004 1.00052530305
1.4916125079 0.99440783682
1.4997715407 0.99984758298
1.5004086777 1.00027238289
1.45169370801 0.96779476473
1.52385287418 1.01590080837
1.50003221742 1.00002137901
1.46156779998 0.97437744774
1.50031768176 1.0002115554
1.50005139678 1.00003422498
1.49997220425 0.99998144871
1.49991475014 0.99994300494
1.50252704046 1.00168450278
1.50044670162 1.00029758847
1.50000260067 1.00000172877
1.50093470745 1.00062288789
1.50486139026 1.00324050564
1.50163897338 1.00109238702
1.50044670162 1.0002975891
1.50054515082 1.00036328289
1.49933058786 0.99955352265
1.5385614543 1.02570666711
1.5031295703 1.00208615754
1.50008903982 1.00005922707
1.50009923295 1.00006582173
1.49997447018 0.99998295798
1.49819092722 0.99879324198
1.50050591262 1.00033710378
1.49845974246 0.99897288198
1.49265361062 0.99510183309
1.4995837206 0.99972237621
1.4984938998 0.99899570073
1.5080733711 1.0053818997
1.52680713633 1.01787080259
1.49744768958 0.99829815849
1.49984287362 0.99989514663
1.45085387526 0.96723487608
1.4469811704 0.96465309315
1.51541631486 1.01027687622
1.49997208689 0.99998135967
1.4997391569 0.99982556151
1.5093471051 1.00623053571
1.50570075222 1.00380021594
1.46186913852 0.97457865459
1.49940011979 0.99959969667
1.49996436048 0.99997617768
1.50458836887 1.00305839079
1.50145469235 1.00096953309
1.50046342974 1.00030887708
1.50676644429 1.00451026905
1.50757020918 1.00504652865
1.50000083901 1.00000053987
1.50018945714 1.00012621557
1.5005844126 1.00038936
1.50060645792 1.00040416989
1.49693293458 0.99795482925
1.5064630335 1.00430819628
1.48215951522 0.9881058633
1.5144037821 1.00960205298
1.49941312722 0.99960859545
1.49945755446 0.9996382917
1.50008352948 1.00005565128
1.50235025562 1.00156639038
1.49952018546 0.99967993806
1.49994736605 0.99996484953
1.5014703807 1.00098006234
1.49896047483 0.99930669003
1.5052931946 1.00352840256
1.49987499912 0.99991662324
1.50335233884 1.00223463312
1.49595688008 0.99730420272
1.51991584551 1.01327646285
1.50031693764 1.00021100712
1.49998927086 0.9999928221
1.4997146481 0.99980965731
1.49907156327 0.99938091963
1.50034491432 1.00022968239
1.49710879152 0.99807198501
1.49977531377 0.99984975927
1.50005839302 1.00003889508
1.5002391159 1.00015925466
1.45191194586 0.9679401573
1.50197772213 1.00131832899
1.50126247602 1.00084137684
1.49345377398 0.9956351823
1.50007702383 1.00005130707
1.49994273258 0.99996179307
1.49999411448 0.99999605823
1.4980638294 0.99870882468
1.50027293988 1.0001818554
1.49134352526 0.99422834829
1.59954035436 1.06635922431
1.49954875686 0.9996987819
1.49184620658 0.99456284616
1.5000733683 1.00004865348
1.49990711616 0.99993796497
1.48833565506 0.9922232355
1.48633568028 0.99088966284
1.5197243049 1.01314889718
1.50146971758 1.00097963178
1.5025675617 1.00171134375
1.51386593436 1.00924336464
1.5138947304 1.00926259008
1.50029325 1.00019531157
1.4999691465 0.99997938726
1.50007785795 1.00005185979
1.49535788634 0.99690457866
1.5117193125 1.00781249574
1.50000067035 1.00000043961
1.5094498644 1.00629923019
1.50006155013 1.00004098323
1.5024024981 1.00160120751
1.50145469235 1.00096953309
1.5096722166 1.00644767763
1.49936591754 0.99957676692
1.38708749322 0.92472367446
1.50358889376 1.00239224604
1.5006486033 1.00043230155
1.5008892129 1.00059271017
1.49615584965 0.99743687871
1.4915803077 0.99438649518
1.50060332592 1.00040209476
1.48703657364 0.99135704112
1.53496312326 1.0233081609
1.47946630455 0.98631019083
1.50109899732 1.00073244129
1.49994257058 0.99996158325
1.49997442734 0.99998292453
1.50217201134 1.00144781142
1.50009227982 1.00006143234
1.49993726697 0.99995805897
1.49862500352 0.99908321124
1.4937655887 0.99584342226
1.5049244052 1.00328217192
1.52827349067 1.01884797987
1.4999806035 0.99998684619
1.5046644879 1.00310939808
1.4842325898 0.98948765841
1.50272594874 1.00181694885
1.50006668364 1.00004440128
1.50003037026 1.00002020928
1.49069500686 0.99379631814
1.4998724613 0.99991490811
1.49859881208 0.99906566181
1.50222730905 1.00148419383
1.45915192566 0.97276698348
1.5022656009 1.00150989372
1.5003362547 1.00022393976
1.50008448744 1.00005628797
1.4996852406 0.99979007961
1.4998661541 0.99991061403
1.49992823682 0.99995212437
1.50008903982 1.00005922707
1.47277302048 0.98184756876
1.51429945356 1.00953260547
1.49674688487 0.99783096927
1.50057096966 1.00038044154
1.50930929799 1.00620574377
1.4975839197 0.99838866336
1.49078367189 0.99385546551
1.49945854671 0.99963891663
1.49863899942 0.99909236634
1.5000048693 1.00000320783
1.519960869 1.01330673036
1.50028362486 1.0001889993
1.4999760117 0.99998396619
1.51290964818 1.00860568758
1.4990837391 0.99938901354
1.50036722595 1.00024465161
1.66549542741 1.11032899005
1.50003519003 1.00002342921
1.50063728868 1.0004247774
1.50018945714 1.00012621512
1.49819022054 0.99879324306
1.49799166695 0.99866087637
1.50521211414 1.00347436131
1.5018454215 1.00122985833
1.50227118504 1.00151396268
1.49997220425 0.99998144871
1.50081701994 1.00054452726
1.50024877398 1.00016573178
1.49333799204 0.99555837657
1.578983193 1.05265439628
1.50284221749 1.00189439265
1.47209175612 0.9813934554
1.53145678194 1.0209701472
1.50000124347 1.00000081695
1.49999404698 0.99999601092
1.50084979218 1.00056638622
1.49935693554 0.99957118776
1.5031639458 1.00210905933
1.53882634302 1.02588358914
1.50034295628 1.00022853813
1.49997983256 0.99998653347
1.50018302151 1.00012143063
1.49922392796 0.99948224028
1.49397176934 0.9959808948
1.50073514676 1.00048999488
1.4999975307 0.999998313
1.50053664924 1.0003576392
1.49996436048 0.99997617768
1.50759915498 1.00506531633
1.50088097988 1.00058711163
1.50098243976 1.0006548468
1.51247146986 1.00831359975
1.5000269823 1.00001790081
1.49999578002 0.99999717585
1.5000025635 1.00000169898
1.50001756794 1.00001168982
1.49782996404 0.99855297708
1.46451472038 0.97634228748
1.50000014457 1.00000009293
1.49966121186 0.99977398854
1.4999962176 0.99999743736
1.4959748331 0.99731573646
1.49682782592 0.99788488584
1.50109516764 1.00072998447
1.49969250846 0.99979492134
1.5000086385 1.00000574898
1.49998300956 0.99998864427
1.5000374961 1.00002480537
1.50031612584 1.00021067907
1.49895388566 0.9993021162
1.54870596198 1.03246950138
1.4895556983 0.99303680658
1.49981545188 0.99987688923
1.48642878888 0.99095216232
1.48089045222 0.98725957809
1.50320093508 1.00213376583
1.4958857628 0.99725682837
1.49994273258 0.99996179604
1.48934362176 0.99289497156
1.47110940108 0.98073899388
1.50028362486 1.0001889993
1.49672710116 0.9978178722
1.5197243049 1.01314889718
1.49635167759 0.99756755457
1.50013907262 1.00009260987
1.50021841329 1.00014553689
1.48321863351 0.98881171485
1.49957762238 0.99971832642
1.50082473978 1.00054957383
1.5019662537 1.001310348
1.49970413655 0.99980266341
1.50257851506 1.0017181599
1.48743634788 0.99162288465
1.50077439882 1.00051611774
1.49999889006 0.99999924756
1.4970335346 0.99802194171
1.49982539382 0.99988325007
1.49212286685 0.99474825489
1.50244945704 1.00163265315
1.49321402982 0.99547517364
1.49987642688 0.99991756752
1.47131588538 0.98087616828
1.4994696429 0.99964625709
1.47306354786 0.98204185059
1.5109617663 1.00730692401
1.50299017398 1.00199266173
1.49467515714 0.99644980767
1.52855348778 1.01903505864
1.49979123216 0.99986045796
1.50812896536 1.00541860575
1.5053012811 1.00353341991
1.49994622233 0.99996412137
1.49999308326 0.99999537108
1.50318428454 1.00212227052
1.50161656302 1.0010774553
1.50851526345 1.00567631211
1.4961057498 0.99740267556
1.5030233937 1.00201508574
1.47639198348 0.98426061843
1.4993301528 0.99955316616
1.50119584416 1.00079677275
1.54939750398 1.03293087063
1.5000325443 1.00002157968
1.49973427341 0.99982270053
1.50013231794 1.00008816414
1.4902401384 0.99349286208
1.49977943766 0.99985276926
1.51223791491 1.00815812505
1.49887351179 0.99924878121
1.49501634714 0.9966765711
1.49464418166 0.9964291464
1.49985455958 0.99990296421
1.49099171238 0.99399403098
1.50188746194 1.00125807774
1.50023117772 1.00015392543
1.49704078428 0.998026764
1.49789176884 0.9985942266
1.50081048702 1.00054017249
1.49805611235 0.99870381543
1.51412035032 1.00941259761
1.4997463767 0.99983085
1.4991099786 0.99940651152
1.56047318298 1.0403141343
1.50592633956 1.00395056076
1.50032396268 1.00021582032
1.4998579137 0.99990523296
1.49996720358 0.99997809702
1.48574619081 0.99049690977
1.49997349332 0.99998215692
1.49991027012 0.99994014348
1.4669152749 0.97794249837
1.50997691592 1.00665016287
1.50084756009 1.00056475275
1.50000808662 1.00000538034
1.48484124558 0.9898935045
1.49690744658 0.99793795191
1.50020856612 1.00013897337
1.63148267322 1.08765401262
1.5005844126 1.00038936
1.50000014457 1.00000009293
1.5936556536 1.06243583592
1.4989868361 0.99932437734
1.49857296435 0.99904822893
1.49668917354 0.99779256126
1.50030180207 1.00020109119
1.4984890776 0.99899251143
1.50832847367 1.00555190439
1.4960504169 0.99736601646
1.48387169385 0.98924722647
1.49556413448 0.99704244948
1.58231554074 1.05487583694
1.50000945822 1.00000626873
1.50138891765 1.00092562017
1.49944917069 0.99963226779
1.50650397936 1.00433571747
1.50027290766 1.00018178805
1.4947281603 0.99648471318
1.49986423818 0.99990930693
1.4997738915 0.99984914934
1.50089834115 1.00059878889
1.50077439882 1.00051611774
1.49973247278 0.99982151187
1.49925809214 0.99950523942
1.50709880178 1.00473134658
1.47778851726 0.985191573
1.50811223544 1.00540769007
1.50038025498 1.00025333853
1.49492282796 0.99661443729
1.49964176187 0.99976104033
1.50255073206 1.0017003321
1.49889785472 0.99926507391
1.50038708166 1.0002579333
1.47620407176 0.98413539468
1.49421408678 0.99614190507
1.4992229034 0.99948156903
1.50708518055 1.00472318529
1.5491881971 1.03279133715
1.50359666976 1.00239740781
1.49535516186 0.9969029595
1.4788424403 0.98589445206
1.50002943966 1.00001958786
1.49992052112 0.9999469662
1.48566623904 0.99044370267
1.50159479184 1.00106232936
1.60205872365 1.06803790989
1.50540392142 1.00360210713
1.49999683626 0.99999787515
1.48858180614 0.992387103
1.53570085497 1.02379979889
1.59006436434 1.06004184048
1.4880942945 0.99206225106
1.500533271 1.00035541959
1.49028537204 0.99352318713
1.51938093429 1.01291990739
1.49967407007 0.99978265479
1.50001770078 1.00001178564
1.48135518306 0.9875695512
1.50006318606 1.0000420881
1.48083041862 0.98721968652
1.5000014835 1.00000095798
1.50541740468 1.00361072076
1.48869896526 0.99246562614
1.48393520055 0.98928910071
1.49964401106 0.9997624221
1.47525605829 0.98350343187
1.5004740411 1.0003156062
1.51423640127 1.00949044209
1.4835249135 0.98901599664
1.5153153372 1.01020882197
1.49641487586 0.9976093035
1.49766159114 0.99844082898
1.54579287006 1.0305274641
1.52129347506 1.01419484715
1.5003854145 1.00025684844
1.46832860862 0.97888470153
1.49478374718 0.99652219377
1.51860708018 1.01240413656
1.50067347246 1.0004485377
1.51512005034 1.01007941982
1.4995563471 0.99970377936
1.5030009 1.00199999727
1.50059687778 1.00039779774
1.4956302465 0.99708614754
1.49977531377 0.99984975927
1.48566623904 0.99044370267
1.50025112982 1.00016731554
1.5092129871 1.00614149844
1.4999777748 0.99998507769
1.50109121106 1.00072706865
1.49770688778 0.99847082148
1.50444970893 1.00296621831
1.50811104735 1.00540668435
1.50114696678 1.00076446527