1.4983271064 0.99888471504
1.49996913858 0.99997941894
1.49991027012 0.99994014348
1.5006902724 1.00046015961
1.5000168384 1.00001121729
1.50334038828 1.00222686636
1.5003957672 1.00026382677
1.50026368446 1.00017573612
1.4995330911 0.9996886887
1.50000907104 1.00000604157
1.50287586642 1.00191720615
1.5000166521 1.00001109543
1.49610035178 0.99740018613
1.50019678071 1.00013117445
1.49953385997 0.99968922729
1.49994219528 0.99996145488
1.5000608556 1.00004055924
1.49910103854 0.99940066734
1.50064737264 1.00043154357
1.49915618379 0.99943743681
1.50000149772 1.00000099581
1.50037866486 1.0002524325
1.49996692494 0.9999779454
1.5000013431 1.00000088943
1.49466727116 0.99644478828
1.50003253062 1.00002167988
1.5042468393 1.00283117838
1.49989916556 0.99993275925
1.4998284027 0.99988557576
1.49999497056 0.99999664116
1.49759712144 0.99839803308
1.5000037677 1.00000250988
1.5003272061 1.00021811979
1.499212854 0.99947519952
1.5004817163 1.00032111816
1.49995575153 0.99997049103
1.49993085978 0.9999538944
1.49999557356 0.99999704637
1.50290385687 1.00193587377
1.50000245478 1.00000162932
1.4999985027 0.99999899988
1.49999314212 0.99999541419
1.50004800315 1.00003199379
1.50017057586 1.00011370989
1.4999838471 0.99998922543
1.50201418311 1.00134273525
1.5000381333 1.00002541797
1.50038411886 1.00025606334
1.50014350035 1.00009565961
1.4997150621 0.99980999916
1.50045326424 1.00030215084
1.4999793003 0.99998619504
1.50049820952 1.00033211436
1.50579154602 1.00386099198
1.5000504939 1.00003363758
1.49994976518 0.99996650355
1.4998279653 0.99988528518
1.49997372534 0.99998248002
1.49961004875 0.99974002047
1.50004872918 1.00003247934
1.50443210736 1.00295470005
1.49971943934 0.99981290607
1.498435254 0.99895679952
1.50111249156 1.00074163152
1.50037078212 1.00024717785
1.50020522982 1.00013679474
1.49996794311 0.99997862217
1.4993547759 0.99956980734
1.4999624838 0.99997497516
1.50127751709 1.00085164395
1.49998947174 0.99999297762
1.49995813032 0.99997208043
1.4994377253 0.99962512062
1.5000019047 1.00000126788
1.49382221832 0.99588143559
1.50024991347 1.00016656683
1.49959088541 0.99972724425
1.50313520097 1.00209010317
1.4998898061 0.99992653143
1.49999052258 0.99999367737
1.497576501 0.9983842974
1.49921006256 0.99947335929
1.49990810211 0.99993871527
1.5000428961 1.00002859143
1.50011863974 1.00007907111
1.50827257521 1.00551499665
1.49974661088 0.99983105991
1.49814641655 0.99876425865
1.49884437087 0.99922954749
1.50002832015 1.00001887179
1.49982404526 0.99988268667
1.49979186198 0.99986122578
1.4997853719 0.99985688673
1.49772174903 0.99848113521
1.49999248224 0.99999498228
1.50002124408 1.00001415156
1.50001318818 1.00000878378
1.50000768612 1.00000511385
1.49817523779 0.99878344971
1.50058541556 1.00039024752
1.49067083484 0.9937804974
1.4999998851 0.99999991743
1.50012017415 1.00008010797
1.49961417876 0.99974277204
1.49962544838 0.99975026796
1.49988412728 0.99992274036
1.50015504033 1.00010334705
1.50010657776 1.00007102928
1.49926272111 0.99950844765
1.49999025384 0.99999349611
1.50044184486 1.0002945501
1.49993387208 0.99995590608
1.50085763568 1.00057171893
1.50059602701 1.00039733817
1.50018691878 1.00012458978
1.50068919834 1.00045942743
1.49826090042 0.9988405806
1.49997601926 0.9999840045
1.49947189623 0.99964789773
1.50004172412 1.00002780951
1.50009064965 1.00006042497
1.5000210675 1.00001402889
1.49973522462 0.99982347174
1.49997766806 0.99998509614
1.49955835491 0.99970552779
1.5000244461 1.00001627979
1.5000125067 1.0000083219
1.49997237894 0.99998157876
1.49986668825 0.99991109943
1.49750723286 0.99833811654
1.50061463442 1.00040973423
1.5003195849 1.00021303692
1.500093702 1.00006244268
1.50410566332 1.00273704972
1.4999983947 0.99999892626
1.49995883862 0.9999725523
1.5055425261 1.00369497516
1.49980214466 0.99986808432
1.49999248224 0.99999498228
1.49999624334 0.99999748716
1.50219075312 1.00146047952
1.49962059828 0.99974704977
1.49241798189 0.99494526777
1.50007734594 1.00005155637
1.49990466528 0.99993642951
1.50003253062 1.00002167988
1.4998796784 0.99991977981
1.50009091146 1.00006060107
1.50015791709 1.00010526231
1.49991427494 0.99994283682
1.49998382154 0.99998917623
1.50005128365 1.00003418097
1.49995813032 0.99997208043
1.49992820694 0.99995212779
1.50003523377 1.00002348573
1.50054896619 1.00036595841
1.49976159318 0.99984104601
1.50052903056 1.00035263916
1.49980802661 0.99987199281
1.50001650306 1.0000109985
1.4997921444 0.99986140761
1.5000027957 1.00000186188
1.5000066027 1.00000439988
1.49918398209 0.99945597003
1.49983692768 0.99989127111
1.5000650001 1.00004332884
1.4998919364 0.99992795115
1.4998992039 0.99993275934
1.49700817962 0.99800540469
1.500573654 1.00038239952
1.50084489438 1.00056323211
1.50005629242 1.00003752069
1.49942456298 0.99961633662
1.5003786375 1.00025239542
1.49981441526 0.9998762685
1.49840378226 0.99893582982
1.49999686776 0.99999790068
1.5011031699 1.00073542752
1.50029166114 1.00019441871
1.50018861114 1.00012573059
1.49997160017 0.99998106177
1.50000083982 1.00000055715
1.50338676384 1.00225780845
1.49999074164 0.99999381753
1.50038614116 1.00025741355
1.4999904324 0.99999359961
1.50020226486 1.0001348349
1.50040131606 1.00026750534
1.49935384782 0.99956921577
1.50007312386 1.00004873712
1.49962877757 0.99975248529
1.4972471676 0.99816475308
1.50009205653 1.00006135899
1.5009251697 1.00061675934
1.50000619212 1.00000412619
1.50000014457 1.00000009293
1.49955960438 0.99970638702
1.5000147558 1.00000982316
1.50099379506 1.00066251414
1.5003272061 1.00021811979
1.49791600746 0.99861062325
1.49999889006 0.99999924756
1.49994935136 0.99996622836
1.5007879557 1.00052528334
1.49955570189 0.99970378179
1.49999812902 0.99999875157
1.50026873598 1.00017914418
1.49990433426 0.99993621828
1.50325535772 1.00217017932
1.50198828372 1.00132548588
1.4999963967 0.99999759588
1.50229624698 1.00153080345
1.50301319166 1.00200876486
1.50037757181 1.00025168043
1.4999960979 0.99999737952
1.49994634113 0.99996422397
1.49987636136 0.99991756779
1.50104070963 1.00069377333
1.4995290519 0.99968601552
1.50085763568 1.00057171893
1.50006331026 1.00004219925
1.49903461836 0.99935638215
1.49960024946 0.9997334841
1.5021222849 1.00141481334
1.50027504066 1.0001833377
1.49944840056 0.99963225588
1.5000354297 1.00002361524
1.50135447231 1.00090294845
1.50031752822 1.00021166046
1.49989381965 0.99992920497
1.5001149438 1.00007661516
1.50035962806 1.00023972405
1.4920049979 0.99466995534
1.50302750238 1.00201830396
1.50006332052 1.00004219988
1.50077214054 1.00051474068
1.4920450911 0.99469668516
1.4938197579 0.99587979534
1.50022652958 1.00015098558
1.49960104812 0.99973400199
1.5000001281 1.00000007523
1.5002194977 1.00014631134
1.49977116522 0.99984742314
1.50255598698 1.00170396528
1.49957630154 0.99971748654
1.50002146242 1.00001430312
1.5000725007 1.00004831175
1.49994271584 0.99996180477
1.4999211531 0.99994742943
1.49700282138 0.99800185488
1.50018280686 1.0001218509
1.50113369862 1.00075577703
1.49999551515 0.99999700197
1.49796731286 0.99864484224
1.49961598776 0.99974398068
1.49991497235 0.99994330761
1.50160405806 1.00106932365
1.49849821638 0.99899878599
1.50009367752 1.00006244304
1.50064737264 1.00043154357
1.50035111037 1.00023405783
1.50037491186 1.0002499161
1.49654344455 0.99769559661
1.50000482826 1.00000321125
1.5000283161 1.00001887143
1.50000014106 1.00000009293
1.49742469557 0.99828307689
1.4999910561 0.99999402756
1.4998579398 0.99990527916
1.4998927221 0.99992847543
1.50047268795 1.00031508201
1.50322855482 1.00215233175
1.50015095712 1.00010062491
1.5005507247 1.00036713768
1.5107423949 1.00716155334
1.49943641454 0.99962425032
1.50000108921 1.00000072425
1.4998364109 0.99989093229
1.49953846698 0.99969229998
1.49998107366 0.9999873789
1.50091614126 1.00061073285
1.50014402118 1.00009600164
1.50199418682 1.00132943001
1.49790272229 0.99860178075
1.49945978628 0.99963984363
1.50003289962 1.00002192549
1.49995292436 0.99996858672
1.49742469557 0.99828307689
1.50043057038 1.00028703102
1.50069492612 1.00046327028
1.49988465504 0.99992309748
1.50000777036 1.00000517757
1.5011568324 1.00077119961
1.49999987835 0.99999990573
1.49973663825 0.99982439943
1.4999973318 0.99999820716
1.50016747788 1.00011162183
1.50005883744 1.00003921917
1.50624849834 1.00416561774
1.50307439886 1.0020495741
1.49812854462 0.99875233212
1.50099379506 1.0006625145
1.49963955714 0.99975969264
1.50250292352 1.00166859075
1.49987315214 0.99991541886
1.497576501 0.9983842974
1.5002747406 1.00018313547
1.49977770363 0.99985179039
1.50031280718 1.00020851538
1.50665385042 1.00443585189
1.5002806563 1.000187097
1.49986153926 0.9999076773
1.50595632495 1.00397085021
1.50245264169 1.00163506137
1.49626946448 0.99751292844
1.4998725927 0.99991505346
1.50019831278 1.00013219262
1.4995330911 0.9996886887
1.49999716674 0.99999811005
1.50003980127 1.00002652917
1.50012647082 1.00008430629
1.49878468098 0.99918974919
1.50000045174 1.00000029381
1.50023227338 1.00015481934
1.4996308581 0.99975388779
1.4998753638 0.99991689516
1.5000002037 1.00000013388
1.49958050958 0.99972031173
1.49962600818 0.99975066
1.5001375491 1.00009169211
1.49784386544 0.99856253877
1.49999879565 0.99999918879
1.50030859671 1.00020569805
1.50005247282 1.00003497594
1.50038411886 1.0002560637
1.49857255377 0.99904832589
1.49986989819 0.99991324743
1.5022189017 1.00147924734
1.49893590546 0.99929057406
1.50034545846 1.0002302943
1.4997430593 0.99982869009
1.49832618606 0.99888408591
1.50000193044 1.00000128372
1.5132097512 1.00880644731
1.5006704769 1.00044694134
1.4999234733 0.99994897797
1.5005338911 1.00035590535
1.50034118328 1.00022744436
1.50006427686 1.0000428414
1.50021136422 1.0001408799
1.5000609402 1.00004061657
1.49956739316 0.99971158155
1.50003893088 1.00002594813
1.50052649796 1.00035098475
1.49746604364 0.99831066567
1.50022528992 1.00015017927
1.50024859578 1.00016571084
1.49989194738 0.99992795757
1.4999697846 0.99997984788
1.50000777108 1.00000517748
1.49993800425 0.99995865951
1.50000756075 1.00000503549
1.49991974622 0.99994649028
1.50478859664 1.00319234988
1.50003910854 1.00002606396
1.4975320041 0.99835462611
1.50009616224 1.00006410228
1.49596221528 0.99730810941
1.49940863694 0.99960574206
1.49961310344 0.99974202567
1.50009754419 1.00006501371
1.50000463602 1.00000308633
1.50025630293 1.00017083553
1.5008048271 1.00053652044
1.5008500998 1.00056671541
1.50001786602 1.00001190333
1.49991004773 0.99994001865
1.5014128338 1.0009418526
1.50058456254 1.00038968334
1.49570674407 0.99713779629
1.4999785155 0.99998567106
1.49992221411 0.99994812369
1.49999643306 0.99999761469
1.500093702 1.00006244268
1.50012909018 1.00008604995
1.49875500528 0.99916996533
1.4999799078 0.99998659116
1.50001274682 1.00000849515
1.49989972392 0.99993314283
1.49998549734 0.99999030882
1.50066854469 1.00044567699
1.50342112422 1.00228071534
1.50425963802 1.00283973081
1.49929830144 0.99953218293
1.499983785 0.9999891762
1.49996469636 0.999976461
1.4985674244 0.99904492761
1.50048906948 1.00032603252
1.49991389334 0.99994258878
1.49990124384 0.99993415668
1.49957625438 0.99971748681
1.49881576662 0.99921048504
1.49997929796 0.9999861954
1.50232732722 1.00155152544
1.4993308638 0.99955389516
1.4996095002 0.999739653
1.49994754182 0.99996502272
1.49963926842 0.99975945876
1.50011480664 1.00007652507
1.50018199254 1.00012131996
1.49997020976 0.99998013525
1.4998876515 0.9999250926
1.50000871158 1.00000579161
1.49843199258 0.99895462359
1.49998861926 0.99999238485
1.49962601691 0.99975065991
1.497657654 0.99843839952
1.49956739316 0.99971158164
1.49999782068 0.99999853323
1.50006307698 1.00004204616
1.4984392779 0.99895949952
1.49887559286 0.99925036725
1.5010124913 1.00067496633
1.4989640004 0.99930931161
1.50365319948 1.00243543623
1.4999953563 0.99999689997
1.49940309654 0.99960203922
1.49957625438 0.99971748681
1.5030891549 1.00205940873
1.50435402228 1.00290264492
1.50402063276 1.00268036268
1.50034175289 1.00022781237
1.49968802214 0.99979197261
1.49915141325 0.99943424943
1.50054896619 1.00036595841
1.50004473696 1.00002981876
1.49968190988 0.99978792432
1.49822037954 0.99881354823
1.49958352296 0.99972232917
1.49994958815 0.99996638397
1.49989916556 0.99993275925
1.49841163386 0.99894105054
1.49962600818 0.99975066
1.4999999661 0.99999997629
1.49991956334 0.99994637121
1.5015101067 1.0010067048
1.50120290718 1.00080191607
1.50023875626 1.00015916325
1.49892512472 0.99928339116
1.49984981856 0.99989987316
1.49821605567 0.99881068473
1.49965565778 0.99977042868
1.50434450442 1.00289629758
1.5012576261 1.00083837516
1.50010779285 1.00007185461
1.5000890094 1.00005933147
1.49939702406 0.9995980005
1.49998728366 0.99999151485
1.4996442492 0.99976280748
1.5000311592 1.00002072492
1.50000207615 1.00000137579
1.50008516334 1.00005676836
1.497366054 0.99824399952
1.50370770627 1.00247176203
1.49986639494 0.99991091922
1.49987617812 0.99991743819
1.49949453258 0.99966299898
1.50030488412 1.00020324048
1.5001475346 1.0000983426
1.49900382972 0.99933582732
1.5003420579 1.00022801952
1.50010411437 1.00006939689
1.50193558746 1.00129034949
1.49688891027 0.99792590937
1.50010270758 1.00006846452
1.49996446074 0.9999763026
1.50013933686 1.00009288365
1.49995292436 0.99996858672
1.49998880214 0.99999252798
1.50005832444 1.00003885215
1.50020874765 1.00013915697
1.4999645169 0.99997633212
1.50023176893 1.00015450059
1.50011372169 1.00007579541
1.50169936644 1.00113287685
1.49996496285 0.99997663461
1.5026539032 1.00176924624
1.49978880126 0.99985919349
1.5030653976 1.00204356021
1.50014426463 1.00009615839
1.49703694434 0.99802459086
1.49999254758 0.99999502494
1.49937074406 0.9995804781
1.50000429897 1.00000285941
1.50000679278 1.00000452498
1.49973663825 0.99982439943
1.50017474106 1.00011648192
1.49997583215 0.99998387979
1.5000029037 1.00000193307
1.50147265446 1.00098174165
1.49998987377 0.99999324459
1.497654873 0.99843655248
1.50033197808 1.00022128053
1.4999794623 0.99998629503
1.50000417378 1.00000277979
1.50001708986 1.00001139135
1.49884175574 0.99922781922
1.5009182289 1.00061212164
1.5000909156 1.00006059237
1.4998932684 0.99992883444
1.49995086498 0.99996723258
1.50038393922 1.00025593743
1.4999997663 0.99999983997
1.49980099878 0.99986732178
1.5000020667 1.00000137588
1.50785534907 1.00523684589
1.49832585432 0.99888387756
1.4987852379 0.99919013952
1.49975165781 0.99983442855
1.50006885714 1.00004589342
1.49999901012 0.99999933684
1.49991328116 0.99994217721
1.5003786375 1.00025239542
1.49997503376 0.99998331255
1.50034004883 1.00022668017
1.49993916588 0.99995938476
1.50044136498 1.00029421374
1.50172412634 1.00114939851
1.49997037482 0.99998024532
1.5001447779 1.00009651047
1.50049677042 1.00033116417
1.4999962383 0.99999748797
1.50370319394 1.00246876638
1.49633368443 0.99755575881
1.49993908974 0.99995938476
1.49998599306 0.99999065526
1.49910889428 0.99940591563
1.50723858762 1.00482568638
1.50020835642 1.00013889444
1.4987086389 0.99913906461
1.4998284027 0.99988557576
1.499590332 0.99972686193
1.5000020721 1.00000137543
1.49986988946 0.99991324752
1.50001653438 1.00001101776
1.4998902129 0.99992679648
1.49832921924 0.99888612711
1.50774974262 1.00516644726
1.49960655594 0.99973769193
1.50067357398 1.0004490243
1.49991165351 0.99994108965
1.49998616622 0.99999072396
1.50002812926 1.00001874606
1.50061447575 1.00040962443
1.50001473996 1.00000982397
1.49968068282 0.9997871022
1.5017386527 1.00115908134
1.5029715861 1.00198101516
1.49827982868 0.99885318252
1.50000014457 1.00000009293
1.49986094526 0.9999072861
1.50000822909 1.00000547403
1.4947271379 0.99648471534
1.50022853784 1.00015233324
1.49993488008 0.99995657469
1.50211921392 1.00141277109
1.49995857951 0.99997236141
1.49935518558 0.99957010578
1.50114367062 1.00076242434
1.49485180104 0.99656781387
1.499763177 0.99984208848
1.500508854 1.00033919952
1.50018810354 1.00012538661
1.49978620386 0.99985746084
1.50055635996 1.00037089104
1.50002667279 1.00001776281
1.49914371312 0.99942911952
1.49990096124 0.99993396147
1.5006064986 1.00040430288
1.49832921924 0.99888612711
1.50126669774 1.00084444962
1.5001454358 1.00009694316
1.4999852997 0.99999019788
1.49652747522 0.99768494535
1.49994958815 0.99996638379
1.49987926485 0.99991950261
1.49624020314 0.99749342094
1.50000002181 1.00000000797
1.49655347892 0.99770228268
1.50014611062 1.0000974003
1.5004569924 1.00030463961
1.49962601691 0.99975065991
1.49894554698 0.99929699832
1.4995355958 0.99969038316
1.50093612207 1.00062404829
1.49738412492 0.99825605835
1.5000020667 1.00000137588
1.49807199366 0.9987146397
1.499601654 0.99973439952
1.50012366552 1.00008241836
1.49996271015 0.99997513197
1.4992426917 0.99949507998
1.49997175596 0.99998115285
1.49980618818 0.99987075798
1.5061928967 1.00412854998
1.50000822909 1.00000547403
1.50103703286 1.0006913292
1.50003893088 1.00002594804
1.49991593562 0.99994394949
1.4999750766 0.99998337588
1.50000207615 1.00000137579
1.50008590926 1.00005724326
1.50001274682 1.00000849515
1.49999078745 0.99999385485
1.49318696934 0.99545792604
1.49973228378 0.99982151235
1.49992440165 0.99994958907
1.50000670026 1.00000445094
1.49985462807 0.99990307269
1.49963490756 0.99975659481
1.4998439358 0.99989594451
1.51218356652 1.00812231852
1.5006669444 1.00044460761
1.49905913031 0.99937273779
1.49899542786 0.9993302592
1.4995189593 0.99967929066
1.50057311832 1.00038205356
1.50001324902 1.00000882752
1.5016667868 1.00111116588
1.50346841634 1.00231222974
1.49998699611 0.99999132615
1.50031020231 1.00020678837
1.49999944122 0.99999962637
1.49962600818 0.99975066
1.50002091486 1.00001393808
1.50022646046 1.0001509557
1.4999336181 0.99995572779
1.50001034778 1.00000688604
1.50000474168 1.00000315653
1.50057692046 1.00038459396
1.50240034791 1.00160019885
1.5000268581 1.00001789943
1.50005864196 1.00003908084
1.49980905054 0.99987268131
1.49996993886 0.9999799485
1.49053990626 0.99369322245
1.49995575153 0.99997049103
1.491456708 0.99430442412
1.49999920794 0.99999947085
1.49996049786 0.9999736539
1.51032050064 1.00688028588
1.50000576138 1.00000383819
1.49904283122 0.99936187194
1.49997333186 0.99998221668
1.49937224526 0.9995814717
1.49859857502 0.99906566316
1.49757300882 0.99838198086
1.50012366552 1.00008241836
1.4997802491 0.9998534835
1.5000289353 1.00001927886
1.5019468245 1.00129785342
1.5000479919 1.00003197552
1.49994958815 0.99996638379
1.49999493582 0.99999661668
1.50002258076 1.00001505117
1.49923112274 0.99948739569
1.5001365303 1.00009101003
1.4997070881 0.99980471805
1.49964518826 0.99976343916
1.49955569226 0.9997037817
1.50521291685 1.00347522441
1.50099631344 1.0006641864
1.5012584343 1.00083892524
1.5000233508 1.00001556075
1.50000207615 1.00000137597
1.50012594144 1.00008394695
1.49742469557 0.99828307689
1.49999909346 0.99999939291
1.50088769586 1.0005917793
1.49994863694 0.9999657528
1.50011212329 1.00007472939
1.49951854962 0.99967901514
1.50055318854 1.00036877442
1.49999508738 0.99999670902
1.50002175915 1.00001449779
1.50051605004 1.00034400327
1.49998887297 0.99999256623
1.50026632893 1.00017754263
1.5001018857 1.00006790334
1.50006265398 1.00004175618
1.4992695819 0.99951303552
1.49993085978 0.9999538944
1.49992820694 0.99995212779
1.49999282982 0.99999521394
1.49994813168 0.99996539856
1.4982396957 0.99882644334
1.49744813382 0.99829872492
1.49994160146 0.99996105516
1.50014641815 1.00009760379
1.4980011021 0.99866735916
1.50001299756 1.00000866237
1.50000777576 1.00000517739
1.50002608266 1.00001738571
1.50019649604 1.00013098713
1.50198000075 1.00131997443
1.4998882041 0.99992545179
1.5009301899 1.00062010752
1.50000907104 1.00000604148
1.49993954514 0.99995966718
1.50184315674 1.00122874329
1.50000679278 1.00000452498
1.49971206447 0.99980803029
1.49859605142 0.99906401223
1.50084863406 1.00056574014
1.49724103266 0.99816064062
1.4999505273 0.99996700803
1.49577289578 0.99718189752
1.49995857951 0.99997236141
1.49992906626 0.9999527001
1.50013872666 1.0000924584
1.50000049422 1.00000032594
1.4999853051 0.99999019743
1.503295254 1.00219679952
1.50009754419 1.00006501371
1.50003255906 1.00002170145
1.4996406447 0.99976040946
1.4998230918 0.99988204716
1.505433654 1.00362239952
1.5000077043 1.00000513197
1.49942264976 0.99961505196
1.50002626644 1.00001750772
1.49907774078 0.99938512752
1.4990916897 0.99939443706
1.50016375476 1.00010914032
1.50001857621 1.00001237145
1.50018182586 1.00012118937
1.50001350606 1.0000089981
1.50008827896 1.00005884148
1.49982403032 0.99988266156
1.4999985027 0.99999899988
1.50017358024 1.00011571152
1.4999942565 0.99999616911
1.49987636136 0.99991756779
1.4999990913 0.99999939309
1.4992609329 0.99950726952
1.50074338266 1.00049555544
1.49904709524 0.99936469356
1.49993387208 0.99995590608
1.5000279903 1.00001865597
1.49785212906 0.99856806
1.50117983766 1.00078653639
1.49689588356 0.99793055952
1.49966036262 0.99977356491
1.49820563088 0.99880370604
1.50016977702 1.00011315372
1.5000210675 1.00001402889
1.4994322209 0.99962146092
1.50003640854 1.00002426477
1.50243140925 1.00162088601
1.50000905817 1.00000603419
1.49973372054 0.99982245762
1.49997996828 0.99998664207
1.4999619663 0.99997462626
1.499779071 0.9998526984
1.49994282942 0.99996187074
1.50702089679 1.00468054437
1.4999624838 0.99997497516
1.49999698818 0.99999798756
1.5003299655 1.00021996089
1.5007226139 1.00048172352
1.50008291334 1.00005526308
1.50065880471 1.00043916903
1.49986244772 0.99990828825
1.49760995427 0.99840661125
1.50002461548 1.00001640375
1.49972222007 0.99981480021
1.49999879565 0.99999918879
1.49979663234 0.99986441397
1.50077895678 1.00051928898
1.50003991746 1.00002660405
1.49997249144 0.9999816498
1.5001301745 1.00008676095
1.49377213764 0.99584805516
1.49999254758 0.99999502494
1.49998162635 0.99998774361
1.50001528698 1.00001018859
1.5004453284 1.00029686361
1.50006712779 1.00004469837
1.5014350872 1.00095670224
1.5000348771 1.00002324543
1.5010005321 1.00066697916
1.49963799123 0.99975864879
1.49988350574 0.99992232582
1.49988478662 0.99992316834
1.50020411922 1.00013606394
1.50032773422 1.00021848108
1.49971616982 0.99981074892
1.49999809986 0.99999873213
1.4973131709 0.99820873734
1.49730532965 0.99820352229
1.4999627061 0.99997513143
1.50031979442 1.00021318494
1.50018630318 1.00012418898
1.49947831422 0.99965219394
1.4998477419 0.99989848725
1.49824519812 0.99883010256
1.50000099858 1.00000066299
1.49993909298 0.99995938548
1.50017474979 1.00011648183
1.5011983089 1.00079885352
1.4999138964 0.99994258896
1.50026507865 1.00017668499
1.4999962347 0.99999748788
1.4996081511 0.99973874979
1.50017970672 1.00011978192
1.49780252898 0.99853497093
1.5004808478 1.00032055116
1.500055254 1.00003679952
1.50032605446 1.0002173541
1.49982838353 0.99988557585
1.50106789872 1.00071189429
1.50014688345 1.00009790961
1.50002589132 1.00001725821
1.49997232098 0.99998153997
1.501383654 1.00092239952
1.50001526268 1.00001017245
1.50007708512 1.0000513842
1.5012147771 1.00080980916
1.4999505273 0.99996700803
1.49953371768 0.99968913396
1.50338079216 1.00225382325
1.50000492384 1.00000327677
1.49983989066 0.9998932506
1.50009616224 1.00006410237
1.50126887862 1.00084590114
1.50000049422 1.00000032594
1.49990694165 0.99993795297
1.50017266215 1.00011509979
1.4993372484 0.99955814361
1.49988682566 0.99992453832
1.5000081453 1.00000542597
1.50115077657 1.00076716491
1.49996196252 0.99997462608
1.50045326424 1.00030215084
1.50314930982 1.00209950688
1.4999796603 0.99998643519
1.49999719167 0.99999811509
1.49940309654 0.99960203922
1.50001210296 1.00000805748
1.50362126145 1.00241413215
1.50061463442 1.00040973423
1.49946211296 0.99964139463
1.4999814882 0.99998765556
1.4999940747 0.99999602934
1.49999875542 0.99999916593
1.50011972136 1.00007980779
1.50001374474 1.0000091586
1.50031280295 1.00020850449
1.49865615396 0.99910408317
1.50014179728 1.00009448364
1.4999758281 0.99998387943
1.4999362686 0.99995750388
1.49992602966 0.9999506805
1.49582691216 0.99721789356
1.4999136066 0.9999423906
1.49915141325 0.99943424943
1.5091544799 1.00610294334
1.49952065274 0.99968041905
1.49968435716 0.99978955755
1.5000117867 1.00000785588
1.5000428961 1.00002859143
1.50027960294 1.00018638606
1.4996924118 0.99979492716
1.50012025182 1.00008016068
1.50000014457 1.00000009293
1.50088095045 1.00058727741
1.50077100726 1.0005139869
1.49931227034 0.99954148398
1.49999682222 0.99999787632
1.5000148647 1.00000990788
1.5000285825 1.00001904765
1.50003662724 1.00002440499
1.49508343818 0.99672225342
1.50004062702 1.00002707952
1.49970451941 0.99980299005
1.50002602308 1.00001734548
1.4999495841 0.99996638343
1.5007158459 1.00047718734
1.50001497756 1.00000995495
1.49983443126 0.9998895981
1.50404674986 1.00269778995
1.49842293993 0.99894860169
1.49907774078 0.99938512752
1.49997583215 0.99998387979
1.50001404768 1.00000935933
1.49318696934 0.99545792604
1.5014664279 1.00097759952
1.49809553136 0.99873033168
1.50000067035 1.00000043961
1.50001617348 1.0000107528
1.49979663234 0.99986441397
1.4983374555 0.998891604
1.49988794454 0.99992527431
1.50036251292 1.00024165581
1.50014350035 1.00009565961
1.50068241648 1.00045490613
1.50206496921 1.00137661203
1.49991359634 0.99994238997
1.50000746742 1.00000497108
1.50001473996 1.00000982397
1.50103666566 1.00069106205
1.50001847892 1.00001231604
1.50042744666 1.00028492115
1.50017325498 1.00011549597
1.49955557634 0.99970370622
1.49908654467 0.99939101073
1.50066406638 1.00044267792
1.49997484098 0.99998322297
1.49998699611 0.99999132615
1.495519254 0.99701279952
1.5000007707 1.00000051188
1.49945508846 0.99963670974
1.50292699128 1.00195129671
1.50159686886 1.0010645565
1.4997845646 0.99985636788
1.50046538346 1.0003102296
1.49996721267 0.99997812861
1.49896516374 0.99931008711
1.50001938639 1.00001290479
1.4991947964 0.99946317228
1.49951002734 0.99967333908
1.49992016382 0.99994677072
1.5001517799 1.00010116752
1.50011478468 1.00007650923
1.49993916588 0.99995938476
1.5001802937 1.00012017534
1.49999493582 0.99999661668
1.49932356714 0.99954901974
1.50085954818 1.00057300254
1.49859857502 0.99906566316
1.50003253062 1.00002167988
1.49533856487 0.99689232309
1.49974661088 0.99983105991
1.49802621912 0.99868412076
1.50001495335 1.00000996161
1.49989516614 0.99993010398
1.49677756866 0.99785167944
1.49999516055 0.99999676869
1.50088206852 1.00058803188
1.49991974622 0.99994649028
1.50263765118 1.00175840808
1.50001623954 1.00001081916
1.50069492612 1.00046327019
1.5016724019 1.00111491186
1.50236481942 1.00157652114
1.50239753649 1.00159833273
1.50026593248 1.00017727431
1.4999814882 0.99998765556
1.49965250742 0.99976832274
1.5004508526 1.00030055061
1.50029679078 1.00019784804
1.49987193426 0.99991461444
1.49998214034 0.99998808855
1.49984461215 0.99989639979
1.504656054 1.00310399952
1.50053255226 1.00035501516
1.49998805838 0.99999203298
1.49998028031 0.99998684853
1.50010913241 1.00007273001
1.50029346582 1.00019563074
1.49936733072 0.9995781726
1.49832457164 0.99888301365
1.50527414754 1.00351606023
1.49439609342 0.99626402358
1.50025243536 1.00016824236
1.50196800474 1.00131197712
1.50002250534 1.00001499636
1.5000601833 1.00004011797
1.5000125067 1.0000083219
1.4999482089 0.99996546525
1.49910465852 0.99940309008
1.5000370641 1.00002470343
1.49933087766 0.9995538957
1.50066854469 1.00044567699
1.50076510452 1.00051005579
1.50241103397 1.00160731383
1.50440136336 1.00293419436
1.49989194738 0.99992795757
1.50095324214 1.00063546677
1.49963295474 0.99975527016
1.4990101119 0.99934005552
1.49979604014 0.99986400708
1.50092510085 1.00061669061
1.50012833661 1.00008555117
1.50060319308 1.00040209863
1.49967730665 0.99978486297
1.50006018285 1.00004011461
1.498435254 0.99895679952
1.50048289134 1.00032190242
1.49996897262 0.99997930914