-5.9994297693 15.99847927374
-6.0010237899 16.00273001028
-5.9999985045 15.99999600066
-5.9999097816 15.99975936138
-6.00143559678 16.0038281541
-5.9999951421 15.99998702484
-6.0000285762 16.00007614674
-6.0000712317 16.00018992156
-6.00000255288 16.00000678902
-6.00004898406 16.0001305869
-6.00000382476 16.00001018436
-5.99999602644 15.99998939238
-5.9999378598 15.99983425254
-5.99996913084 15.9999176619
-6.00075416034 16.00201096356
-6.0003605394 16.0009613661
-5.99973641046 15.99929703534
-5.99994498564 15.99985324236
-5.99959588914 15.99892229478
-5.99997480948 15.99993278724
-5.99938168554 15.99835104804
-5.99990260896 15.99974019246
-5.9996700405 15.99912000138
-5.99997380778 15.99993013596
-5.9999438988 15.9998503572
-5.99978304648 15.99942138312
-6.00008919822 16.00023778308
-6.00017118966 16.00045645752
-6.00035541174 16.00094769834
-6.0002208216 16.00058880138
-5.99984725338 15.99959260938
-5.99998185378 15.99995158356
-5.99987971368 15.99967918182
-5.9999985045 15.99999600066
-5.99999976468 15.99999934548
-5.9999998545 15.99999960066
-6.00015920868 16.00042452042
-6.00001078158 16.00002870264
-6.00007210902 16.00019225976
-5.9985101376 15.9960268821
-6.00002669916 16.0000711617
-5.99960517552 15.99894704958
-5.99998971798 15.99997255266
-6.00006692772 16.00017840486
-5.99999801418 15.99999468636
-5.99915728458 15.99775259364
-6.0000002451 16.00000063284
-5.99999512932 15.99998699586
-6.0000562971 16.00015008864
-6.00000077052 16.00000199364
-5.99995541862 15.99988106496
-6.00000374484 16.000009977
-5.99919238692 15.99784627998
-6.00108505236 16.00289334894
-5.99998420818 15.99995786592
-6.00001246152 16.00003321482
-5.99972479758 15.99926606766
-5.99991718716 15.9997791297
-5.9999982237 15.99999523356
-6.0000661188 16.0001762925
-5.99998770864 15.99996719604
-6.00140376846 16.00374321522
-6.00005780766 16.00015413144
-6.00003682686 16.00009817898
-6.0005033433 16.00134213774
-6.00000058854 16.00000148928
-6.0000052761 16.00001405148
-5.99993347518 15.99982256352
-6.00006071466 16.00016187876
-6.0012634293 16.00336905756
-6.00021726786 16.000579233
-5.99994459954 15.99985222428
-6.00037974018 16.00101256422
-6.00005723616 16.0001525886
-6.00010396146 16.0002770949
-6.00004999818 16.00013329986
-5.99993613558 15.99982966626
-5.99998165002 15.99995092974
-6.0000341976 16.00009113738
-6.00008113026 16.00021627164
-5.9997431151 15.99931489944
-5.99968144458 15.99915047142
-5.99983053714 15.99954805842
-5.99827501728 15.99539994798
-6.00024933882 16.00066480476
-6.00157574478 16.00420187712
-6.00034367358 16.00091640102
-5.99964686136 15.99905820882
-5.99995846098 15.9998892033
-5.99997081672 15.99992211684
-5.9995487124 15.99879647028
-5.9999965542 15.99999079086
-5.9999748291 15.99993285528
-6.00000493356 16.00001313582
-5.9994191565 15.9984510012
-6.00059254194 16.00158002538
-6.00002675532 16.0000712277
-6.00063595614 16.00169582148
-5.99986913778 15.9996509814
-6.00000795198 16.00002119604
-5.99987193498 15.99965839452
-5.9999973795 15.99999300066
-5.99998653234 15.99996405972
-5.99981984658 15.99951951462
-5.99858713746 15.99623225316
-5.9986944576 15.9965184021
-5.999911218 15.99976320174
-5.9997957903 15.99945534624
-6.00017697684 16.0004718468
-6.00004566828 16.00012174512
-5.9998957983 15.99972204156
-6.0000089931 16.00002396084
-6.00056296938 16.00150118592
-5.99999382774 15.99998352564
-5.99948939538 15.99863832138
-5.9997088476 15.99922353828
-5.9999907681 15.99997536084
-6.00007394466 16.00019712156
-6.0000762825 16.00020335424
-5.99922974034 15.99794582628
-6.00000162372 16.00000431846
-5.99999122188 15.99997657134
-5.9994228627 15.99846090798
-5.9993395776 15.9982387221
-6.00011285346 16.00030091658
-5.99965031106 15.99906743508
-6.0003407088 16.00090840884
-5.99992776648 15.99980734422
-6.00000089166 16.00000236408
-6.0003127665 16.0008339981
-6.00005576466 16.00014864654
-5.9974042176 15.9930777621
-6.00010244334 16.000273134
-5.99932646604 15.99820383306
-5.99992993224 15.99981311568
-5.99994694458 15.9998584746
-6.00117185538 16.0031248437
-6.00091989498 16.0024529226
-5.99883908274 15.99690408366
-6.0002433963 16.00064899572
-5.99963321538 15.99902183196
-6.0038596233 16.01029214628
-6.00006005334 16.00016011968
-5.99999376582 15.99998335554
-6.0007665969 16.00204416228
-6.00001393824 16.00003711596
-5.9999214429 15.99979046484
-5.99999377356 15.9999833559
-5.99963189454 15.99901832622
-5.9991253938 15.99766764462
-5.99954612526 15.99878960184
-6.00016283658 16.00043419758
-6.00003069282 16.00008182886
-6.0000345405 16.00009200138
-5.99999519448 15.99998714148
-6.00049455192 16.00131870858
-6.0000836454 16.00022301834
-6.00004641834 16.00012372692
-6.0003522252 16.00093917066
-5.99955869898 15.99882308832
-5.999994792 15.99998610066
-5.999132817 15.99768738798
-6.00084575244 16.00225526766
-5.99999915214 15.99999767748
-6.00020632224 16.00055009454
-6.00017667426 16.00047102108
-6.0002212482 16.00058993598
-5.999992218 15.99997920174
-5.99936569362 15.99830842488
-5.99936569362 15.99830842488
-6.0002178309 16.0005808101
-6.00016187736 16.00043163966
-5.99987318724 15.99966177618
-5.99985554508 15.9996147105
-5.99956228224 15.99883263084
-6.00011062218 16.00029495444
-6.0000208785 16.000055661
-5.9985502038 15.99613369428
-5.99999895144 15.99999717954
-6.00000629562 16.00001675106
-5.99995569726 15.9998817237
-6.00000504318 16.0000134348
-5.99999955534 15.99999877698
-6.000102018 16.00027200174
-6.0000052761 16.00001405148
-6.00001931034 16.00005147924
-6.00010321878 16.00027520394
-6.00005098224 16.00013592786
-5.99970411018 15.99921089418
-5.99976623664 15.99937658946
-5.99996099196 15.9998959425
-6.00035469372 16.00094578086
-6.00140794878 16.0037544198
-5.99989966524 15.99973240458
-6.00012332892 16.00032881556
-6.00118804332 16.0031679957
-6.00018149556 16.00048391178
-5.99997515364 15.99993372738
-6.00000625224 16.00001664834
-5.9999907681 15.99997536084
-6.0001049592 16.00027984962
-6.00003211518 16.00008560742
-5.999875218 15.99966720174
-6.00005511612 16.00014693828
-6.0000555339 16.00014799428
-5.99582480922 15.98886599268
-6.00007412124 16.00019760018
-6.00023575944 16.00062863718
-5.99998973994 15.99997255338
-6.00021385902 16.0005702252
-5.99973040854 15.99928099068
-5.9988798657 15.9970128618
-6.00077115036 16.0020562653
-6.00325710624 16.0086854514
-6.00038482626 16.00102611192
-5.99850401526 15.9960105696
-5.99996890458 15.99991704192
-6.0003435069 16.000915905
-6.00028228746 16.00075259922
-6.00071034186 16.0018941708
-6.00002978508 16.00007940876
-5.99999483952 15.99998619714
-5.99991828228 15.99978205002
-5.99999507622 15.99998684292
-6.00044843538 16.00119567552
-5.9999344785 15.9998252322
-5.99974080606 15.99930873102
-6.00000056802 16.0000014882
-5.99999482656 15.99998619714
-6.0000313293 16.00008345756
-6.00008419926 16.0002244695
-5.99999211504 15.99997894248
-6.000020019 16.0000533012
-6.00007430862 16.00019802066
-5.99900173974 15.99733782048
-5.9998013712 15.9994702251
-6.0007113243 16.00189668228
-6.0000334146 16.00008908484
-5.99993767638 15.99983375232
-6.00041113218 16.00109627232
-5.99999039658 15.99997432458
-6.0000712317 16.00018992156
-6.00003903708 16.00010405862
-5.99868062514 15.99648153138
-6.0000298695 16.0000795386
-6.00025222566 16.0006724661
-5.9995054656 15.9986810901
-5.99996080026 15.99989544138
-5.9998738086 15.99966345666
-5.99995577826 15.9998819808
-6.00000761412 16.00002028866
-6.00158301642 16.00422123936
-6.00062738382 16.00167295776
-6.00008422284 16.00022447022
-5.99992597152 15.99980249262
-6.00002263476 16.0000602852
-6.0047133993 16.01256888228
-6.00001136748 16.00003027722
-6.00006721662 16.0001792037
-6.0007454199 16.0019877141
-6.00016967118 16.00045241844
-6.0020453493 16.00545408228
-5.99998727016 15.99996602946
-5.99995389168 15.99987701862
-6.00029114094 16.00077628938
-5.9999284926 15.99980928066
-6.0001129638 16.0003011972
-5.9997899961 15.9994399233
-5.99988597426 15.99969588708
-6.00023994498 16.00063973148
-6.000006987 16.00001859594
-5.9999533083 15.99987546624
-6.0000345081 16.00009200084
-6.00000721884 16.0000192299
-5.9990110731 15.99736278144
-5.999783418 15.99942240174
-5.99997084804 15.99992222538
-6.00006692772 16.00017840486
-5.9998373298 15.99956610174
-5.99998270338 15.99995380152
-5.99999979852 15.99999945126
-5.99965557336 15.99908143242
-6.00008579604 16.00022871372
-5.99962651002 15.99900394788
-5.99981161878 15.99949752672
-6.00005313558 16.00014161862
-5.99983825878 15.99956862456
-5.99994793422 15.99986113194
-5.9999097816 15.99975936138
-6.00000761412 16.00002028866
-5.99968987326 15.9991729212
-5.9999963625 15.99999029076
-5.99990384286 15.99974353272
-6.00095898648 16.00255720074
-5.9997706209 15.99938827284
-5.99998039452 15.99994768566
-6.00013140012 16.00035030156
-5.9997749976 15.99939993738
-6.0004135989 16.00110288084
-5.9999139873 15.9997705932
-5.99991060366 15.99976155054
-6.00040415106 16.00107767694
-5.99894763624 15.99719359266
-6.00134452668 16.00358528046
-6.00010981128 16.00029277542
-5.99938863264 15.99836958894
-5.99919979284 15.99786604518
-5.99997632364 15.99993682698
-6.0000082776 16.00002201738
-5.99973989598 15.99930632352
-6.0000124905 16.000033281
-5.99975382978 15.99934348686
-5.99998759146 15.99996686466
-5.9999875416 15.99996672138
-6.00044846328 16.00119581394
-5.9999889159 15.99997039284
-6.00000049026 16.00000129812
-5.9985101376 15.9960268821
-6.00059875518 16.00159661418
-5.99902686486 15.9974048496
-6.0000492393 16.0001312652
-5.99999377806 15.9999833895
-5.99970898728 15.99922391862
-5.99968807326 15.99916808508
-6.00006008088 16.00016011914
-6.00206205744 16.00549866768
-6.00149148264 16.00397716368
-6.0000011208 16.0000029492
-6.00011137116 16.0002969156
-6.00001637868 16.00004359632
-6.00003652554 16.00009738776
-6.00001985808 16.00005292626
-6.00028533162 16.00076082324
-5.99997659688 15.99993753702
-5.99999373666 15.99998327076
-5.99999128308 15.99997672182
-5.9999320206 15.99981868866
-5.99996099196 15.9998959425
-5.9990267619 15.99740460228
-5.99964132492 15.99904347204
-6.0000074064 16.00001974338
-5.9995907433 15.99890846628
-6.00033393162 16.00089038976
-5.99992524504 15.9998005569
-5.99947579224 15.9986020161
-5.99848791786 15.99596761362
-5.9999907681 15.99997536084
-5.9997825279 15.99942002484
-6.00001616898 16.00004309862
-6.00004188828 16.00011168342
-6.00025323078 16.00067520192
-5.9999776461 15.99994036884
-6.00064812882 16.00172817828
-6.0001387434 16.00036988628
-5.99968625562 15.99916328724
-5.99995354986 15.99987610596
-6.0004366497 16.00116431406
-6.00000454944 16.00001212482
-6.00000075504 16.00000199346
-6.00109537158 16.00292091072
-6.0000831684 16.00022172774
-6.0000140646 16.00003748994
-6.00022155222 16.00059075456
-6.0003799002 16.00101299082
-6.00000088446 16.00000234356
-5.99941782378 15.99844746432
-5.99999382774 15.99998352564
-6.0000768576 16.0002048021
-6.00000981138 16.00002613506
-5.99987589048 15.99966895314
-6.0003939978 16.00105054974
-5.9998883139 15.99970206642
-6.00000206598 16.00000545396
-6.00014171214 16.00037784768
-5.99998591098 15.99996241062
-6.000022314 16.0000594797
-6.00000761412 16.00002028866
-6.0000039045 16.00001040066
-5.999995053 15.99998679654
-5.99957417106 15.99886433436
-6.00000056802 16.0000014882
-5.9974042176 15.9930777621
-5.99970898728 15.99922391862
-5.99768045154 15.9938143701
-5.99967468846 15.99913245432
-6.00000890706 16.0000237335
-6.00013144566 16.00035047562
-5.99999894676 15.9999971799
-6.00005705256 16.00015207596
-6.0012787023 16.00340976174
-6.00054160446 16.00144419972
-6.0000847821 16.00022605962
-6.00194883834 16.00519676448
-5.9998559544 15.99961582884
-5.99879920716 15.99679776174
-5.9996468529 15.99905820864
-5.9999972481 15.99999262464
-6.0000138045 16.00003680066
-6.00023368386 16.00062310164
-6.00000637626 16.00001693916
-5.9991171273 15.99764557404
-5.99993097444 15.99981590586
-6.00380521074 16.0101470634
-6.00003755946 16.0001001255
-5.999997618 15.99999360174
-5.99907962322 15.99754552494
-5.99969187504 15.9991782852
-5.9999877522 15.99996732774
-6.0002522109 16.00067246628
-6.00017793804 16.0004744634
-5.99996345886 15.99990249144
-6.00009657876 16.00025741934
-5.99970786786 15.99922090524
-6.00023338794 16.00062232404
-5.99930582238 15.99814877952
-6.00012657648 16.0003374762
-6.00003009648 16.0000802325
-5.99966203122 15.9990986946
-5.99989450284 15.9997186362
-6.00137445024 16.00366510254
-6.00034246074 16.00091309166
-6.00027211962 16.00072560642
-5.9998785543 15.99967597746
-5.99990423472 15.99974458434
-5.99999726754 15.99999266598
-6.00006836502 16.00018226292
-6.00000746742 16.00001988216
-6.00010358058 16.00027618788
-6.00017022468 16.00045378032
-5.99979558834 15.99945484956
-5.99994528498 15.99985405632
-6.00025010256 16.00066689426
-5.99977522386 15.99940055892
-6.00001303698 16.00003472466
-6.0000063183 16.00001673774
-6.00014035134 16.00037421756
-5.99999039658 15.99997432512
-5.99991050934 15.99976130556
-6.00013924902 16.00037126916
-5.99897689596 15.99727164618
-5.99925885552 15.99802347906
-6.0002068239 16.00055143428
-6.0000336333 16.0000896492
-6.00009573222 16.00025524476
-6.00030574578 16.00081527462
-6.00002036712 16.00005428802
-5.99995981998 15.99989277756
-5.99996209428 15.9998988459
-5.99999775318 15.99999396258
-5.99995577826 15.9998819808
-6.00004304442 16.00011469056
-6.00006008088 16.00016011914
-5.99999816682 15.9999950892
-5.99987576016 15.9996686628
-6.00001281612 16.00003416066
-6.0008935725 16.00238270784
-6.00000398298 16.00001061204
-5.9999944212 15.99998509356
-5.99998073202 15.99994848804
-5.99999105754 15.99997612644
-6.00001758972 16.00004683374
-5.99999592762 15.9999890997
-5.9999367384 15.9998312301
-5.9989781565 15.9972750012
-5.99978002212 15.99941332812
-5.99997290004 15.99992771478
-5.99999359518 15.99998287302
-5.99999792112 15.99999443154
-5.99990295708 15.9997411866
-5.99993010756 15.99981359316
-5.99988693438 15.99969845862
-6.00094921464 16.00253108688
-5.9992144155 15.99790500138
-6.00047341074 16.00126236678
-5.99999574816 15.99998865474
-5.99999950782 15.99999867384
-6.00011297028 16.00030118502
-6.00002326836 16.00006198476
-6.00032056986 16.00085480916
-6.00021393642 16.00057043526
-6.0000238611 16.00006354446
-6.00046006284 16.00122672396
-6.00001343406 16.00003579764
-6.00052718358 16.00140575712
-5.99830044642 15.99546774684
-5.99827069998 15.9953884293
-5.99936871996 15.99831651438
-6.00014171214 16.00037784768
-5.99981154498 15.9994973964
-5.99993347518 15.99982256352
-5.9998245696 15.99953213424
-5.9999373963 15.9998330172
-6.00001111476 16.0000296279
-5.99995949508 15.99989191782
-5.99994617976 15.99985645284
-6.0002214426 16.00059040464
-5.9999882058 15.99996846156
-6.00003477558 16.00009267302
-6.0001375518 16.00036676454
-5.99992513758 15.99980032308
-6.0007642065 16.0020378012
-5.99999017698 15.99997377198
-6.00065257158 16.00174012902
-6.00001136262 16.00003027776
-5.99952123666 15.99872322204
-6.0003799002 16.00101299082
-5.9989986693 15.99732970854
-6.00004440414 16.00011836988
-5.99943945348 15.99850511472
-5.99993786754 15.99983425236
-5.9996991789 15.99919776084
-6.00006471138 16.00017252642
-6.0000831684 16.00022172774
-6.00007227246 16.00019268228
-6.00005835234 16.0001555274
-5.99995098306 15.9998692368
-6.00032307438 16.00086138372
-5.99999128308 15.99997672182
-6.00005681892 16.00015138014
-6.0000831684 16.00022172774
-6.00125976918 16.0033592805
-6.0000006096 16.00000160484
-5.99999275044 15.99998063178
-5.99995670652 15.9998845242
-6.00011816328 16.00031497872
-6.00227852364 16.0060758957
-6.0010454205 16.00278770916
-6.00010359156 16.0002761877
-6.0000128253 16.0000341612
-6.00009760962 16.00026025902
-5.99999383962 15.99998352618
-5.99997985776 15.99994626258
-6.0002475057 16.00065995364
-5.999971797 15.99992477166
-5.99975634276 15.99935017098
-6.0001219458 16.00032515574
-6.00062268204 16.00166039898
-6.00003211518 16.00008560742
-5.99998795362 15.99996785376
-5.99860685016 15.99628483722
-6.00005297736 16.00014124866
-6.00003479916 16.00009267374
-6.00031124802 16.0008299355
-6.0000208677 16.00005561024
-5.99735660022 15.99295080324
-5.99988650454 15.99969728358
-5.99995577826 15.9998819808
-5.99993116506 15.9998163927
-5.99979161538 15.99944426022
-6.0018319053 16.00488489828
-5.9998270815 15.9995388012
-6.0018314355 16.00488369732
-6.00010160724 16.00027091238
-5.99996760732 15.99991359918
-6.00017793804 16.00047446448
-5.9998652559 15.99964065144
-6.00000353568 16.00000942146
-5.9979837834 15.99462328674
-5.99995627398 15.99988335348
-5.999953869 15.9998769012
-6.00002876322 16.00007666466
-5.99988798882 15.99970125738
-5.99995316034 15.99987505044
-6.00008540418 16.00022769702
-5.99996210814 15.99989884608
-5.99959588914 15.99892229478
-5.99984137332 15.99957691914
-5.99934758436 15.99826016076
-5.99967777222 15.99914067846
-6.00024863682 16.000662966
-5.99989395762 15.99971718306
-6.00000433398 16.00001151924
-5.99978286198 15.99942090606
-5.99997600558 15.99993598836
-6.00001250148 16.00003328082
-5.99996624328 15.99990996342
-5.99939860212 15.99839620014
-6.0000260589 16.00006942488
-6.00133469022 16.00355903694
-5.99820695676 15.99521842956
-5.99988350538 15.99968923428
-5.99995541862 15.99988106496
-6.00020273862 16.00054059936
-5.9996091096 15.99895756938
-6.00000981138 16.00002613506
-5.99987193498 15.99965839452
-6.00050846394 16.00135580928
-5.99970542418 15.99921437934
-5.9999042439 15.99974455428
-6.001702128 16.00453890138
-6.00014069694 16.00037512554
-6.00003133614 16.00008354936
-6.00017290578 16.0004610498
-5.99949285642 15.99864755292
-6.00014059164 16.00037487498
-6.00005925396 16.0001579415
-6.0008193315 16.0021848012
-6.00000670854 16.00001785638
-6.00017704938 16.00047209442
-6.0004950336 16.00132002774
-5.99956986798 15.99885286788
-5.99999152986 15.9999773511
-6.00003722862 16.00009923252
-6.00006454146 16.00017205368
-5.99990508198 15.99974685222
-6.00010614486 16.00028300868
-5.999999067 15.99999750066
-6.0001119549 16.00029849684
-6.000056172 16.00014975042
-5.9994783414 15.9986088381
-5.9997529539 15.99934111428
-6.00007299696 16.0001946327
-5.99989482144 15.99971942574
-6.00005941002 16.00015831644
-6.00001171758 16.0000311099
-5.99948939538 15.99863832138
-5.99983708086 15.9995654871
-5.9997876273 15.99943356174
-6.0000288894 16.00007700234
-6.00019367508 16.00051641
-6.00014776284 16.00039399044
-6.00000056802 16.00000148874
-6.00002177814 16.00005801972
-6.0002285193 16.00060926144
-6.00022203354 16.00059202788
-6.00004972386 16.00013247516
-5.99992815528 15.99980835942
-5.9995845315 15.9988920012
-6.0000177411 16.00004728884
-5.99979631842 15.9994568085
-6.0000059304 16.0000157421
-5.99998926384 15.99997132866
-5.9999998203 15.9999994812
-6.00165255852 16.0044067029
-5.9999508117 15.99986881254
-6.00033775572 16.00090060974
-6.00003913824 16.00010429292
-5.99962214088 15.99899226228
-5.9997587139 15.99935652084
-6.00000177402 16.0000047021
-5.99987507058 15.99966682158
-6.0012094617 16.00322510784
-5.9999921397 15.99997900956
-5.99965688232 15.99908496486
-6.0021076599 16.00562029572
-5.9997972303 15.99945919356
-6.00000381216 16.00001015874
-5.99993582832 15.99982884966
-6.0002707149 16.00072185684
-6.00054869232 16.00146309438
-5.9999935545 15.99998280066
-5.99989396698 15.99971717112
-6.0000413355 16.00011017976
-5.99991086772 15.99976224174
-5.99946837444 15.99858226278
-5.99994584748 15.99985555302
-6.00127551288 16.00340127954
-5.99982162138 15.99952423224
-5.9974226496 15.9931269141
-5.99999643936 15.99999049794
-5.99993176752 15.9998180061
-5.9989286826 15.99714307788
-6.0001074405 16.00028640138
-6.00042119778 16.00112309952
-5.99979691422 15.99945837372
-6.00037469784 16.0009990977
-5.99999075964 15.99997534338
-6.00007146354 16.0001905233
-6.00002445168 16.0000651797
-6.00002847594 16.00007590488
-6.00007213314 16.00019226048
-6.0000081372 16.0000216842
-5.99991637446 15.9997769184
-5.9980878018 15.99490069374
-6.00034368978 16.00091640732
-5.99988721734 15.99969920898
-5.9999913432 15.99997687716
-5.99959305144 15.99891474198
-6.0007113243 16.00189668228
-5.99994395208 15.99985051458
-6.00011285346 16.00030091604
-5.9999373315 15.9998328012
-6.0000151356 16.00004026506
-5.99968504674 15.99916006776
-5.99998765356 15.9999670431
-5.99998977198 15.9999727053
-5.9991093378 15.99762478098
-6.0007599171 16.00202630784
-6.00003870102 16.0001031621
-6.00001928226 16.00005139338
-6.0000090633 16.00002415956
-6.00003107496 16.00008284226
-5.99822274978 15.99526051392
-5.9999934456 15.99998248002
-5.99988095532 15.99968248644
-6.00001139322 16.00003027794
-6.00000599088 16.0000159341
-5.9978919546 15.99437840862
-6.0000053481 16.00001424084
-6.0000934563 16.0002491772
-6.0000027795 16.00000740066
-5.99928850836 15.9981025533
-6.000502248 16.0013392299
-5.9999700852 15.99992019756
-6.00002823834 16.00007525796
-5.9996594115 15.99909171576
-5.99981484222 15.99950620002
-5.99998726728 15.99996603018
-5.99892160248 15.99712418514
-5.99914417644 15.99771768402
-5.99992191576 15.99979171116
-5.99991635394 15.99977691732
-6.00010462116 16.00027891092
-5.99974761456 15.9993269106
-6.00030215442 16.00080567096
-5.99818278618 15.9951539925
-6.0001659369 16.0004424261
-5.9999798655 15.99994620138
-5.99998323204 15.99995522388
-5.99991635394 15.99977691732
-5.99901547662 15.99737453016
-5.99999480784 15.99998613924
-6.00000232248 16.0000061673
-5.99989283424 15.99971418738
-6.00000101532 16.00000269606
-6.00002594622 16.00006906812
-6.0000379641 16.00010115114
-5.99999426892 15.99998469678
-5.9998777839 15.99967404084
-6.0006482496 16.0017285141
-6.00014645748 16.00039049682
-6.00180750162 16.00481983698
-5.9997542616 15.99934464138
-5.9998629951 15.99963457476
-6.00053392764 16.00142367138
-5.9999940045 15.99998400066
-5.9999307192 15.99981520962
-5.99999382774 15.99998352564
-5.9995883736 15.99890227338
-6.00003869652 16.00010317074
-5.99978609388 15.99942954342
-5.99985975114 15.99962595924
-5.99936872986 15.9983165142
-6.00004407528 16.00011746832
-6.00026776146 16.0007139543
-6.0005837016 16.00155648138
-6.0000587235 16.0001565501
-5.9998705155 15.99965460138
-6.00055324344 16.00147523568
-6.000152418 16.00040640174
-5.99999004126 15.99997341684
-6.00018721848 16.00049918352
-5.9999097816 15.99975936138
-5.9997248379 15.9992661621
-5.9999849361 15.99995980884
-6.00033394026 16.0008904416
-6.0001062147 16.00028320956
-5.99982483402 15.9995328501
-6.00003332406 16.0000888332
-5.9999324139 15.9998196981
-6.00095697102 16.00255182396
-5.99988597426 15.99969588708
-6.0003518931 16.00093832238
-5.99998780026 15.9999674304
-6.00003069282 16.00008182886
-6.00005990664 16.00015969836
-6.0013127133 16.00350048156
-5.99969490354 15.99918630546
-5.99999016222 15.99997372896
-6.00017276106 16.0004606448
-5.9993530065 15.9982746012
-5.999997951 15.99999452232
-6.00166543338 16.0044410187
-5.99994584748 15.99985555302
-6.0004445193 16.00118520228
-5.99970804246 15.99922140042
-6.00001350858 16.00003601364
-6.00000407694 16.00001084586
-5.99998306824 15.99995483274
-6.00000243696 16.0000064727
-5.99999809248 15.9999948933
-6.00000264828 16.00000704174
-5.99890677282 15.99708464868
-5.99952209076 15.9987255063
-6.0000077124 16.0000205421
-6.00031992456 16.00085307684
-5.99999227632 15.99997937766
-6.000317028 16.00084530138
-6.0000082641 16.00002201684
-6.0002348589 16.00062623904
-5.99998633416 15.99996354186
-6.00003893412 16.00010375214
-5.99985064872 15.99960167526
-6.00000565482 16.00001493156
-5.99994230814 15.9998460636
-5.9999940045 15.99998400066
-5.99975079858 15.99933540132
-5.99996060226 15.9998949084
-5.99999130702 15.99997678776
-6.0008235417 16.00219597422
-5.99859819702 15.99626175996
-6.0001482456 16.00039526538
-5.99998240296 15.99995305026
-5.99797136052 15.9945901707
-5.99955816114 15.99882161088
-6.00001143444 16.00003041546
-5.9999538555 15.99987689112
-6.00000017904 16.00000045266
-5.9999998203 15.9999994812
-5.99994528498 15.99985405524
-5.99998493808 15.99995980902
-5.9999153292 15.99977418156
-5.99993748612 15.99983323986
-6.0005033433 16.00134213774
-6.00003778842 16.00010069028
-6.0001144857 16.000305231
-5.99989760082 15.99972684096
-6.00050587302 16.00134891456
-6.0000563826 16.00015032066
-6.00007897548 16.00021056102
-6.00007394466 16.00019712156
-5.9999033421 15.9997422018
-6.00000975666 16.00002595668
-5.99999801418 15.99999468582
-5.99990727744 15.99975266568
-6.00096905046 16.0025840544
-5.99967692892 15.99913843686
-5.99991171426 15.9997644972
-5.99953911336 15.99877089012
-6.00099944598 16.00266508032
-6.00058444248 16.00155841674
-6.00003682686 16.00009817898
-5.9995487124 15.99879647028
-6.00129279792 16.00344733044
-6.0000726942 16.00019381514
-6.0023808576 16.0063488021
-6.0004039383 16.00107705774
-5.99997432132 15.99993150786
-6.0000018021 16.00000476834
-5.9998281714 15.99954174084
-6.00000017904 16.00000045266
-6.00000699402 16.0000185954
-6.00125574906 16.0033485654
-5.99986970226 15.99965250132
-6.00001221636 16.00003251774
-5.9984890947 15.99597077124
-6.0002151489 16.00057368084
-5.99926461876 15.9980389071
-6.00005308374 16.00014153852
-5.99996080026 15.99989544138
-6.00014646846 16.0003904961
-6.00000056802 16.00000148874
-6.00050846394 16.00135580928
-6.0006070359 16.0016186901
-5.9996503467 15.99906749664
-6.00000456528 16.00001214078
-5.99950807146 15.99868802532
-6.00006614688 16.00017629358
-6.0001437069 16.00038316884
-6.000022314 16.0000594797
-5.99765043078 15.99373434432
-5.9999344785 15.9998252322
-5.99973438888 15.99929164902
-6.0008878872 16.00236753186
-5.99992571106 15.99980186964
-5.9981414976 15.9950438421
-6.0000573501 16.00015288746
-6.00001186806 16.0000315824
-6.00003097866 16.00008258324
-5.9998985739 15.99972948426
-6.00000982236 16.0000261365
-6.00056454816 16.00150536366
-5.99988157146 15.99968413134
-6.00040288296 16.0010742999
-6.00000056802 16.00000148874
-6.0000345405 16.00009200138
-6.00016711518 16.00044559458
-6.00009532938 16.00025413152
-5.99999112936 15.9999762903
-5.99972189436 15.99925832574
-5.99940330912 15.998408769
-5.9999571567 15.99988572156
-6.0000661305 16.00017629268
-6.00000919848 16.0000244724
-5.99988303918 15.99968803818
-6.0003051624 16.00081367028
-6.00029483742 16.00078615428
-6.00005308374 16.00014153852
-6.00008479686 16.00022606574
-5.99998142952 15.99995045442
-5.99993552268 15.99982802322
-5.99983506342 15.99956012298
-5.99995948194 15.99989191854
-6.00008920866 16.00023784386
-5.9999243913 15.9997983372
-5.99996619648 15.99990982398
-6.00003191412 16.0000850757
-5.99997364326 15.99992968836
-5.99813002854 15.99501327876
-6.00064049394 16.00170783588
-6.00000617016 16.00001636862
-5.99997230316 15.99992608488
-6.00012986742 16.00034627586
-6.00003392346 16.00009043556
-6.0001560216 16.00041600138
-5.999931396 15.99981702294
-6.0001798815 16.0004796012
-5.99745735702 15.99321949536
-5.99969914758 15.99919766136
-5.99935076982 15.99826863306
-6.0000050295 16.00001340066
-5.99998680612 15.99996480066
-6.0002790849 16.00074413994
-6.00001089444 16.00002902928
-6.0001434045 16.0003823661
-5.99969490354 15.99918630546
-5.99902622874 15.9974031093
-6.00007394466 16.00019712156
-5.99885034606 15.99693409092
-5.99866866612 15.99644964564
-6.0018759063 16.00500227982
-5.99905538028 15.9974808834
-5.99997259746 15.99992690844
-6.00029079804 16.00077538926
-6.00045755868 16.00122006192
-6.0001793496 16.00047820938
-5.99999052402 15.99997468692
-5.999168853 15.99778350138
-5.9999987439 15.99999664116
-5.9989258557 15.99713550492
-5.99992293906 15.99979445592
-6.00000774426 16.00002063138
-6.00025707828 16.0006854657
-5.99972653098 15.99927067302
-5.99968066734 15.99914839356
-5.9994577242 15.99855381138
-6.00000381396 16.0000101591
-5.99998705326 15.99996546168
-5.99977522386 15.99940055892
-5.99996473056 15.9999059109
-6.00004856178 16.0001294538
-6.00001033968 16.0000275477
-5.99998985334 15.999972933
-5.99999262408 15.99998030658
-6.00000983568 16.00002620616
-5.99834203812 15.9955786443
-5.99998390488 15.99995705736
-5.99999017698 15.99997377198
-6.00122169162 16.00325773092
-5.9998545729 15.9996121221
-6.0000009399 16.00000245894
-5.99999821668 15.99999523302
-5.99990026608 15.99973401702
-6.0000087555 16.00002332148
-5.99982861474 15.99954292884
-5.99984083368 15.99957549228
-6.00002634438 16.00007022912
-5.99977542744 15.9994010433
-5.99972457744 15.99926548296
-6.00011688978 16.0003116021
-6.00020098758 16.0005359226
-5.9981480451 15.9950613402
-5.99987193498 15.99965839452
-6.0000065631 16.00001744472
-6.00000040692 16.00000107366
-6.00015959712 16.00042549422
-5.99997431304 15.99993147282
-5.99996547882 15.99990791754
-6.00000758586 16.00002020244
-6.00005399994 16.00014394296
-5.9999798655 15.99994620138
-5.99998727484 15.99996603018
-6.00007244886 16.00019317884
-6.00001195698 16.00003183782
-6.0003147708 16.00083929226
-6.00000017904 16.00000045266
-5.9999820111 15.99995193084
-6.00000598098 16.00001593428
-5.99998514148 15.99996036162
-6.00000461226 16.0000122519
-6.00100297218 16.00267449792
-6.0006870315 16.0018320012
-6.00000761718 16.00002028992
-6.00149764494 16.00399358418
-5.99956776756 15.9988473237
-6.00003722862 16.00009923252
-5.99991223212 15.99976587594
-6.0005137176 16.00136985738
-5.99989395762 15.99971718306
-6.00000001398 16.00000002804
-6.00011576622 16.00030861536
-5.99996678382 15.99991139046
-5.99997249666 15.99992663178
-5.99981271948 15.99950054502
-5.9997852378 15.9994272612
-6.00009937038 16.0002649434
-6.00017522742 16.00046721624
-5.99998653234 15.99996405972
-5.99997299598 15.99992792742
-5.99999685408 15.99999160386