3.0001032243 3.0001032051
3.000429678 3.0004296315
3.0000267732 3.0000267333
3.000186789 3.0001867401
3.0000306024 3.000030588
2.999706237 2.9997062073
2.9999921493 2.9999921379
2.999902032 2.9999020011
3.0000928278 3.000092802
3.000000888 3.0000008454
3.0000019437 3.0000019407
2.9999354862 2.9999354598
3.0000000825 3.0000000834
2.9999458095 2.9999457732
3.00001926 3.0000192525
3.000006246 3.0000062391
2.999999361 2.9999993625
2.9999101431 2.9999101161
3.000002838 3.0000028251
3.0001387725 3.0001387488
3.000004005 3.0000039777
3.0000117537 3.0000117423
2.9999975751 2.9999975652
2.9999516562 2.9999516388
2.9999999691 2.99999997
3.0000634755 3.0000634644
2.999947515 2.9999474985
3.0000544182 3.0000543786
3.000831948 3.0008319054
2.9999706594 2.9999706474
3.0000000195 3.0000000198
3.0000889128 3.0000888933
3.0000616314 3.0000616182
2.9998999863 2.9998999668
2.999941938 2.9999419182
3.0000495147 3.0000494982
3.0000897897 3.0000897759
2.9999992995 2.9999992947
3.0000222135 3.0000221997
3.0000021732 3.0000021639
2.9999204082 2.9999203962
2.999995992 2.9999959866
3.0000233043 3.0000232746
3.0000194763 3.0000194517
3.000035367 3.0000353274
3.000013515 3.0000134991
2.9998598136 2.9998597809
3.0000071283 3.000007113
3.0003619275 3.0003618723
2.9999990964 2.9999990565
2.999999541 2.9999995179
2.9999079405 2.9999078979
3.0000003252 3.0000003264
2.9997475785 2.9997475485
2.9999863833 2.9999863719
3.0000090744 3.0000090414
3.0000019437 3.0000019407
2.9999798712 2.9999798385
3.000288231 3.0002881776
3.0001831167 3.0001830921
3.0000000102 3.0000000096
3.000065058 3.0000650391
2.999961132 2.9999611188
3.0003422295 3.0003421947
2.9999998209 2.9999998152
2.9999967012 2.9999966973
2.999993046 2.9999930394
2.9997176286 2.9997176022
3.0000660861 3.0000660615
2.9999928738 2.9999928696
3.000132765 3.0001327485
3.0000152133 3.0000152019
2.999997009 2.9999969991
2.9997371775 2.99973712233.0000001101 3.0000001077
3.0000020325 3.0000020286
3.0000004947 3.0000004938
3.000024012 3.0000239991
2.9999443695 2.9999443476
2.9999997024 2.9999996913
2.9997719415 2.9997719067
2.9999897202 2.9999897082
3.0000650577 3.0000650385
3.000075852 3.0000758388
2.9999991249 2.9999991219
2.999988123 2.9999880876
2.9999899917 2.9999899773
2.9999999709 2.99999997
2.999997993 2.9999979897
3.0000000723 3.0000000687
3.00005445 3.0000544101
2.9997131028 2.9997130629
2.9999983842 2.9999983722
3.0000316665 3.0000316491
3.0005072718 3.0005072331
2.9993987979 2.9993987529
3.000270042 3.0002699976
3.0007467297 3.0007466847
3.000065097 3.000065085
2.9999392605 2.9999392491
2.9999840352 2.9999840241
3.0000079761 3.0000079668
3.0000000033 3.000000003
2.999902515 2.9999024985
2.9999432103 2.9999431833
2.9999970045 2.9999969991
3.0000306306 3.0000306033
3.0000066015 3.0000065526
3.0000478842 3.0000478668
3.0000004071 3.0000003978
2.9999975742 2.9999975631
2.9999995242 2.9999995197
3.000478971 3.0004789176
2.9999963214 2.9999963172
3.0000686091 3.0000685953
3.000007242 3.0000072381
3.0000018441 3.0000018372
3.0000606888 3.0000606693
2.999961678 2.9999616669
3.000046092 3.0000460791
3.000002073 3.0000020697
2.9999498373 2.9999498229
3.0006982095 3.0006981747
3.0000015969 3.000001593
2.999997015 2.9999969991
3.000513651 3.0005135976
3.0000070485 3.0000070374
2.9999985246 2.9999985201
2.9999960793 2.9999960754
3.0000200442 3.000020031
3.000019926 3.0000199191
3.000002838 3.0000028266
3.0001711431 3.0001711083
2.9998857852 2.9998857555
3.000007515 3.0000074991
2.9999628576 2.9999628267
3.0000408378 3.0000408258
2.999230491 2.9992304376
3.000000015 2.9999999985
3.000063429 3.0000634116
3.0002205108 3.0002204709
3.0000083445 3.0000083391
2.999980824 2.9999807976
2.9999991768 2.9999991741
2.9999928381 2.9999928288
3.0000001935 3.000000195
2.9998979304 2.9998979109
2.9998781946 2.999878155
3.0000000228 3.000000024
3.0000015456 3.0000015354
3.0000002058 3.0000002076
2.9999999076 2.9999999019
2.9999995344 2.9999995353
3.0004282002 3.0004281501
3.0004277727 3.0004277379
3.0000076896 3.0000076785
2.9995807608 2.9995807278
2.999930115 2.9999300598
2.9999999997 3.0
2.9999999997 3.0
2.9993060028 2.9993059563
2.9999991714 2.9999991669
2.999802618 2.9998025982
3.000000057 3.0000000576
3.0000001935 3.000000195
2.9997495435 2.9997495189
2.9998742421 2.9998742175
2.9999856735 2.9999856591
2.9997331056 2.999733081
2.9999783109 2.9999782995
3.0000963867 3.0000963675
2.9999921865 2.9999921376
3.0000023466 3.0000023418
2.9999963184 2.9999963133
3.0003787824 3.0003787476
3.000247278 3.0002472561
2.999994039 2.9999940291
3.0000041442 3.0000041268
2.999802351 2.9998023246
3.000000603 3.0000005997
3.0000000228 3.000000024
2.999997018 2.9999969991
3.0002522556 3.0002522091
3.0000018555 3.0000018363
3.000129687 3.0001296573
3.0001933086 3.0001932738
2.9998997991 2.9998997541
2.9999683872 2.9999683563
2.9999901744 2.9999901693
3.0001843899 3.0001843653
3.0001455906 3.0001455519
3.0003320736 3.0003320439
2.999902032 2.9999020011
3.0000051978 3.0000051888
2.9998109145 2.9998108782
3.000019926 3.0000199194
3.0003028161 3.0003027891
3.000463653 3.0004636176
2.9999515539 2.9999515374
3.0002931531 3.0002931234
2.999997015 2.9999969976
3.0000518031 3.0000517836
3.0001840416 3.0001840107
3.0001252044 3.0001251828
3.000637893 3.0006378576
2.9999960718 2.9999960634
2.999870202 2.9998701576
3.000040701 3.0000406779
2.9999993742 2.999999376
3.0000005364 3.000000534
2.999997009 2.9999969991
2.9999970045 2.9999969997
3.0000537696 3.0000537594
2.9999982312 2.9999982213
3.0000034746 3.0000034716
3.0000001326 3.000000132
3.0000195774 3.000019569
3.0003367992 3.0003367662
3.000097491 3.0000974376
2.9998289703 2.9998289355
2.99998524 2.9999851848
3.000001389 3.0000013866
2.999999706 2.9999997072
3.0000887934 3.000088767
2.9999936385 2.9999936286
3.000116898 3.0001168791
3.0001332315 3.0001332069
3.0008702205 3.0008701779
3.0005600544 3.0005600235
3.00075699 3.0007569348
2.999971212 2.9999711988
2.999999541 2.9999995179
2.9999432103 2.9999431833
3.000000015 2.9999999991
3.000347493 3.0003474576
3.000090264 3.0000902376
2.9999784741 2.9999784657
2.9999784741 2.9999784666
2.9999999574 2.9999999568
2.999955966 2.9999559444
2.9999988819 2.9999988789
3.0000566322 3.0000566148
3.0000023997 3.0000023805
2.999977515 2.9999774991
3.0000006369 3.000000627
2.999982789 2.999982777
2.9999999034 2.9999999025
2.9998285614 2.9998285227
3.0001083885 3.0001083741
3.0000331842 3.0000331752
3.0000488661 3.000048855
3.0000165621 3.0000165537
3.0000105555 3.0000105441
2.9999706594 2.9999706462
2.9999791944 2.9999791647
2.999997009 2.9999969991
2.9999969328 2.9999969163
2.999958732 2.9999587191
3.000002265 3.0000022476
3.0000129135 3.0000128835
2.9999784741 2.9999784657
2.9999367645 2.9999367426
2.9999692896 2.9999692785
3.0000271509 3.0000271416
3.0000484494 3.0000484236
2.9999938371 2.9999938329
2.999519748 2.9995197054
2.9996820525 2.9996819973
2.9999997399 2.9999997315
2.9998154916 2.9998154568
2.9999991285 2.9999991246
2.9997693216 2.9997692907
2.9993060028 2.9993059563
2.9999917575 2.9999917491
2.9999993457 2.9999993433
3.0000056112 3.0000056061
2.9999996334 2.9999996325
2.9999893485 2.9999893239
2.9992627755 2.9992627329
2.9999867931 2.999986782
3.0000010779 3.0000010509
2.999846682 2.9998466376
2.9997399678 2.9997399405
2.999966778 2.9999667582
3.0000049185 3.000004899
3.000075015 3.0000749991
3.0000202086 3.0000201822
3.0000475212 3.0000474996
2.9999861856 2.9999861754
3.0000650577 3.0000650385
2.9999716449 2.9999716356
2.9999600391 2.9999600298
2.9999966763 2.9999966721
2.9999376888 2.9999376561
2.9999910222 2.9999910048
2.999964435 2.9999644266
3.0002413944 3.0002413596
3.000000246 3.0000002394
3.0000165621 3.0000165546
3.0000338874 3.00003387
2.9997871095 2.9997870732
3.000024018 3.0000239982
3.000000933 3.0000009297
3.0000008808 3.0000008616
3.000186789 3.0001867401
3.0001047411 3.0001047219
3.0000057417 3.0000057306
2.9998176258 2.9998175985
3.000216813 3.0002167776
3.0000002901 3.0000002862
2.9998366668 2.9998366452
3.0001141068 3.0001140849
3.000230523 3.0002304804
2.9998667085 2.9998666776
2.9995744314 2.9995743813
2.9999043855 2.9999043663
2.999941938 2.9999419191
3.0000200442 3.0000200322
2.9999079405 2.9999078979
2.9999358993 2.9999358645
2.9999996874 2.9999996892
3.000049833 3.0000497976
3.0000000483 3.0000000453
2.9999445849 2.9999445603
2.9997256056 2.9997255708
2.9996892405 2.9996891979
2.9999898681 2.9999898489
2.9999018652 2.9999018436
3.000000663 3.0000006597
3.0000037575 3.0000037491
2.9993906625 2.9993906226
2.999907927 2.9999078973
2.999285484 2.9992854513
3.0000143238 3.0000143154
2.99935785 2.9993578101
2.9992570215 2.9992569726
2.999999901 2.9999999025
2.999948058 2.9999480283
3.000000465 3.0000004605
2.9997781758 2.9997781362
2.9999751066 2.9999750718
2.9999999835 2.999999985
3.000021687 3.0000216651
3.000001242 3.0000012396
3.000005772 3.0000057591
2.9999967444 2.9999967405
2.999991618 2.9999915991
2.999973237 2.9999732295
3.0000062079 3.0000062037
2.9999996874 2.9999996892
3.0000070944 3.0000070635
3.000174864 3.0001748409
3.0000039405 3.0000039276
2.999902515 2.9999024985
2.999997756 2.9999977533
2.9999977155 2.9999977125
3.0001699485 3.0001699176
3.0000001095 3.0000001104
3.0000001098 3.0000001104
3.0000016035 3.0000016005
3.0000013245 3.0000013191
2.9999928381 2.9999928288
2.9999998611 2.99999985
3.000495987 3.0004959573
3.0000462603 3.0000462411
2.9999458095 2.9999457732
2.999915253 2.9999152257
2.9999799531 2.9999799387
3.000175533 3.0001755066
3.0001830045 3.0001829697
3.000000114 3.0000001101
3.0000135264 3.0000135162
3.0000000564 3.0000000576
2.999990412 2.9999903988
2.9999992212 2.9999992224
3.0003035319 3.0003035022
3.0000002394 3.00000024
2.9999882892 2.9999882727
3.000019689 3.0000196791
3.0000023229 3.0000023193
3.000761313 3.0007612776
3.0000000435 3.000000045
2.9999999799 2.9999999808
3.0006872376 3.0006872049
2.999877144 2.9998771176
3.000040323 3.0000403101
3.0002394045 3.0002393682
3.0000004041 3.0000004017
3.0000306306 3.0000306033
2.9999979051 2.9999979027
2.999776707 2.9997766773
3.0000155406 3.0000155316
3.0000964014 3.0000963822
2.9999628864 2.9999628261
2.999999781 2.999999778
3.0003750375 3.0003749976
2.9999989464 2.999998938
3.0000574134 3.0000573942
2.999989926 2.9999899116
2.9999782254 2.9999782164
3.0000018762 3.0000018717
3.0000015456 3.0000015345
3.0000007773 3.0000007743
2.9999872236 2.9999872167
2.9999631228 2.9999630763
2.9999583705 2.9999583591
2.9999984388 2.9999984349
3.0004723719 3.0004723269
2.999948418 2.9999483991
3.0001010976 3.0001010667
2.9999987736 2.9999987709
3.0002178942 3.0002178678
3.0000053355 3.0000053109
2.999980812 2.9999807988
3.0003258978 3.0003258582
2.9999641785 2.9999641476
3.0000041442 3.0000041268
2.999998983 2.9999989797
2.9999970045 2.9999969991
2.9999993112 2.9999993085
3.0006144366 3.0006143979
3.0000009354 3.0000009306
3.0000034347 3.0000034254
2.999963142 2.9999631189
2.999998098 2.9999980791
2.9998403448 2.9998403118
3.0000374952 3.0000374859
3.0002141205 3.0002140779
2.9986948365 2.9986947876
2.9999778351 2.9999778213
2.998623591 2.9986235376
2.999859783 2.9998597557
2.9999999034 2.999999904
2.9998812609 2.9998812417
2.999911698 2.9999116782
2.999681331 2.9996812776
3.000174864 3.0001748409
2.9998842684 2.9998842219
3.0000041442 3.0000041268
2.999999898 2.9999998869
3.0000144732 3.0000144675
3.0000447672 3.0000447345
2.9999986584 2.9999986557
3.0000001086 3.000000108
2.999977515 2.9999774985
2.9999907105 2.9999906994
2.999505642 2.9995055976
3.000036228 3.0000362085
2.9999944836 2.9999944437
2.9993214528 2.9993213925
3.0000260061 3.0000259962
3.000165144 3.0001651176
2.9999966685 2.9999966376
2.999996172 2.9999961588
2.99994849 2.9999484348
2.9999892342 2.9999892294
3.0002870145 3.0002869782
2.9999998503 2.9999998512
2.9999987748 2.9999987709
3.0002310903 3.0002310555
3.0001840704 3.0001840101
3.0000498165 3.0000497991
3.0012835167 3.0012834717
3.0000072258 3.0000072168
2.9999992995 2.9999992941
2.9999936421 2.9999936277
2.9999990685 2.9999990571
2.999945265 2.9999452485
2.9999988528 2.9999988477
3.000073761 3.0000737478
2.9998842951 2.9998842705
2.9999963547 2.9999963517
3.000049521 3.0000494979
2.9999895783 2.9999895741
2.9999236281 2.9999236128
3.0000211644 3.0000211425
3.0000419724 3.0000419508
3.0000004002 3.000000402
2.999972301 2.9999722701
2.9999995803 2.9999995812
2.9999920119 2.9999920077
3.0000255831 3.0000255687
3.0001813155 3.0001812729
2.9999883978 2.9999883804
3.0000049728 3.0000049692
3.0006743025 3.0006742473
2.9999935383 2.9999935347
3.000000015 2.9999999991
3.0000000114 3.000000012
2.9999909982 2.9999909934
2.9999922732 2.9999922588
2.9998996923 2.9998996758
2.9999850972 2.9999850756
2.9997784044 2.9997783828
3.0000082437 3.0000082293
3.000000783 3.0000007788
3.0000101832 3.0000101763
2.9999358993 2.9999358645
2.999929515 2.9999294976
2.9999999511 2.9999999481
3.0006131163 3.0006130815
2.9998374735 2.999837454
2.999230491 2.9992304376
2.999958402 2.9999583576
2.9999980848 2.9999980797
2.9999836554 2.9999836422
2.9999708937 2.9999708838
3.0001734882 3.0001734486
3.0008183013 3.0008182563
2.9998396632 2.9998396284
3.0004244088 3.0004243758
3.0002099427 3.0002098977
2.9996248374 2.9996248116
3.000021858 3.0000218391
3.0000055218 3.000005517
3.0000945468 3.0000945003
2.999999496 2.9999994975
3.0000000111 3.0000000114
2.999910015 2.9999099991
3.0000035226 3.0000035181
3.0000945468 3.0000945003
2.999983602 2.9999835867
3.000108015 3.0001079991
2.999972178 2.9999721582
2.9999972448 2.9999972346
2.999759433 2.9997593976
2.9999988576 2.9999988546
3.0000394305 3.000039414
3.0000017979 3.0000017949
2.9999993478 2.9999993433
2.999997018 2.9999969991
3.0000032313 3.0000032229
3.000102261 3.000102231
2.9998945485 2.9998945341
2.9999987808 2.9999987706
3.000021765 3.0000217491
2.9999798646 2.9999798382
3.000007704 3.0000076776
2.9999254005 2.9999253759
2.999955966 2.9999559444
2.999999922 2.9999999232
2.9999955627 2.9999955558
3.0000027585 3.0000027546
2.999998515 2.9999984991
2.999969292 2.9999692788
2.9999997045 2.9999996991
3.0000009156 3.0000009168
2.9999999703 2.99999997
2.9999960022 2.9999959764
3.00010374 3.0001037103
2.9999173314 2.9999173056
3.0000988794 3.000098853
2.9993586765 2.9993586417
3.0000375075 3.0000374991
3.000168738 3.0001687191
2.9999982987 2.9999982957
2.9993174601 2.9993174253
2.999452722 2.9994526776
3.0001266285 3.0001265985
3.0000009351 3.0000009309
2.9999996352 2.9999996322
3.0000060759 3.0000060621
2.9999998074 2.999999808
2.9999696727 2.9999696481
3.0000386598 3.0000386508
2.9999998548 2.9999998509
3.0000018441 3.0000018372
2.9999976408 2.9999976381
2.9999227665 2.9999227491
2.9999911008 2.9999910906
2.9999970225 2.9999969988
3.0000264957 3.0000264813
3.0001860225 3.0001859988
3.0000032667 3.0000032631
3.0000006996 3.0000007008
3.000097491 3.0000974376
2.999556153 2.9995561176
3.0000265911 3.0000265665
2.9999186208 2.9999185899
3.0000003246 3.0000003264
2.9998459035 2.9998458843
3.0000476256 3.0000476145
2.999942424 2.9999423976
2.9999999226 2.9999999232
2.9999778912 2.9999778801
2.9999993166 2.9999993076
3.0000186834 3.0000186696
2.9999750085 2.9999749785
3.000299442 3.0002993976
2.9997948045 2.9997947826
3.0000326055 3.0000325944
2.9996214204 2.9996213739
3.0000041361 3.0000041262
2.9999173314 2.9999173056
2.999925972 2.9999259357
3.000000006 2.9999999994
2.9997543396 2.999754315
2.9999772165 2.9999771991
2.999951667 2.9999516373
3.0000820356 3.0000820008
2.99988285 2.9998828101
2.9999999766 2.999999976
2.9999481732 2.9999481579
2.9999868 2.9999867889
2.9999186208 2.9999185899
3.000075015 3.0000749976
2.9999923248 2.9999923197
3.0006120315 3.0006119826
2.9999285979 2.9999285733
3.0000000144 3.0000000141
2.9998911078 2.9998910814
3.0000001095 3.0000001104
3.000004449 3.000004437
3.0000131208 3.0000130758
2.9999517873 2.9999517759
2.9999863824 2.9999863767
2.999513352 2.9995133157
2.999842341 2.999842311
2.9999628384 2.9999628273
3.0000429423 3.0000428973
3.000000003 2.9999999997
3.000165144 3.0001651176
3.0000164355 3.0000164244
3.0000700089 3.0000699792
3.0000000234 3.000000024
2.9999236563 2.9999236113
2.9999149752 2.9999149425
2.9999910141 2.9999910072
3.0002946168 3.0002945838
2.9997839094 2.9997838707
3.0000048825 3.0000048741
3.0001321767 3.0001321572
3.0006144366 3.0006143979
3.0000345735 3.0000345426
3.0001439853 3.0001439607
2.9999766909 2.9999766816
3.0005822016 3.0005821413
2.9999999946 2.9999999952
2.9999991138 2.9999991054
3.0000000033 3.000000003
3.0000459132 3.0000458967
2.9999999907 2.9999999916
2.9999030187 2.9999029941
2.999953944 2.9999539176
2.9999970225 2.9999969988
2.9999936382 2.9999936298
3.000010092 3.0000100791
2.9990331405 2.9990330979
3.0000124359 3.0000124275
2.9999804121 2.9999803929
3.0001219215 3.0001218726
3.000009612 3.0000095991
2.9999794272 2.9999794161
2.9999980848 2.9999980797
3.000053772 3.0000537588
3.0000000366 3.000000036
3.0001591185 3.0001590876
3.0000194763 3.0000194517
2.9992778025 2.9992777473
2.9999996901 2.9999996892
3.0000386598 3.0000386514
2.999869548 2.999869515
2.9999892384 2.9999892138
2.999999466 2.9999994621
3.0006562875 3.0006562476
3.0000000006 3.0
3.000083268 3.0000832485
3.000000012 2.9999999988
2.9998202619 2.9998202373
3.0000341451 3.0000341181
2.9999999463 2.999999946
3.0000031494 3.0000031374
3.0000014625 3.0000014601
2.9999998068 2.999999808
2.9999980998 2.9999980914
3.0000000093 3.0000000096
2.9999772165 2.9999771991
2.9999889504 2.9999889402
2.999964261 2.9999642379
2.9999946615 2.9999946531
3.000001368 3.0000013566
3.000000246 3.0000002394
3.0000233385 3.0000233241
2.9999998986 2.9999998911
2.9999999106 2.999999886
3.0003867114 3.0003866727
3.0001714986 3.0001714722
2.999937618 2.9999375982
3.00016158 3.0001615473
3.0000706263 3.0000706125
2.9999798646 2.9999798382
2.9999115456 2.9999115264
3.0000254778 3.0000254688
2.999787882 2.9997878376
2.9999996334 2.9999996325
3.0000707235 3.0000707091
3.0012358023 3.0012357573
2.999999637 2.9999996316
3.0000644661 3.000064443
2.9998931277 2.9998930929
2.9999870439 2.9999870355
3.0000000198 3.0000000204
3.0002495577 3.0002495229
2.9999999703 2.99999997
2.999999223 2.9999992197
3.0000408207 3.0000407961
3.0000120255 3.0000120141
3.000032658 3.0000326391
3.0000639438 3.0000639042
2.9998665081 2.9998664835
3.000064515 3.0000644976
2.9999700225 2.9999699988
2.9999996916 2.9999996928
3.000024015 3.0000239985
2.999992332 2.9999923191
3.0000002445 3.0000002391
3.0001141068 3.0001140852
2.9998330356 2.9998329957
2.999999376 2.9999993451
2.9999432103 2.9999431833
3.0000356394 3.0000356262
3.0000000438 3.0000000456
3.0000003795 3.0000003747
3.0000009333 3.0000009309
2.999989926 2.9999899116
3.0000000243 3.000000024
2.9999966685 2.9999966385
2.9999988174 2.9999988042
2.9999966685 2.9999966376
3.000004806 3.0000047994
3.0000406995 3.0000406776
3.0000009354 3.0000009309
3.0000408435 3.0000408243
2.9999446566 2.9999446179
3.0000043056 3.0000043005
2.9999859162 2.9999858898
3.0001320435 3.0001320126
2.9995411245 2.9995410882
3.0005421705 3.0005421279
3.000021948 3.0000219366
2.999864283 2.9998642443
3.000008142 3.0000081366
2.9999841873 2.9999841798
2.9999642505 2.9999642391
3.0000323118 3.0000322854
2.9999999907 2.999999991
2.9998109145 2.9998108782
3.000034287 3.0000342573
3.0000282255 3.0000281829
2.9996716152 2.9996715825
3.000000195 3.0000001968
3.0000023997 3.0000023805
2.9996345655 2.9996345229
2.9996760195 2.9996759832
3.0001420995 3.0001420776
2.9999994189 2.9999994153
3.0000021558 3.0000021474
2.9998398138 2.9998397865
2.999999526 2.9999995191
2.999997018 2.9999969991
3.000034842 3.0000347976
3.0002333025 3.0002332473
3.0009495159 3.0009494709
2.9999999493 2.9999999484
2.9999904573 2.9999904516
3.0000807246 3.0000806988
2.9998991766 2.9998991508
3.0000062433 3.0000062394
2.9999985456 2.9999985405
2.99999532 2.9999953116
3.0000001365 3.0000001374
2.999983371 2.9999833479
2.9997300216 2.9997299889
2.9999999526 2.999999952
3.0000010482 3.00000105
3.0000000582 3.0000000576
2.9999896056 2.9999895726
2.9999999385 2.99999994
2.9999766441 2.9999766288
3.0000000066 3.000000006
3.0000833085 3.0000832776
3.0000867396 3.0000866997
3.0002780721 3.0002780373
3.000097491 3.0000974376
2.9997924642 2.9997924246
3.000016302 3.0000162927
2.99999766 2.9999976573
2.9999432103 2.9999431833
2.9999980758 2.9999980722
3.000059106 3.0000590907
3.0004109505 3.0004109079
2.9999910696 2.9999910501
2.9999995224 2.9999995197
3.0000055431 3.0000055374
2.999884824 2.9998847976
3.000144765 3.0001447491
3.0002178942 3.0002178684
3.0000024054 3.0000024012
2.9999986536 2.9999986494
2.9999985543 2.9999985432
2.9999753901 2.9999753757
3.0000000048 3.0000000045
3.000000783 3.0000007797
2.9999992134 2.999999211
3.0000464322 3.0000464064
3.0000586188 3.0000585972
3.000000063 3.0000000636
3.0000001734 3.0000001752
2.99999724 2.9999972349
2.9999970045 2.9999969991
3.000003603 3.0000035997
3.0000250119 3.0000249924
2.999932515 2.9999324985
2.999977716 2.9999776851
2.9999507538 2.9999507265
3.000045132 3.0000451188
2.9999999988 3.0
2.999988012 2.9999879988
2.999951556 2.9999515365
3.0000010806 3.0000010824
3.000066498 3.0000664554
3.000142818 3.0001427991
3.0002785404 3.0002784939
2.9999999985 3.0
3.0002061888 3.0002061285
2.999761116 2.9997610851
2.9999997567 2.9999997537
2.9999662209 2.9999661912
3.0004218855 3.0004218429
2.9999993166 2.9999993076
3.0000003288 3.0000003261
3.000004299 3.0000042891
2.9999619954 2.9999619834
2.9999966685 2.9999966376
3.0000696594 3.0000696246
3.000055044 3.0000550245
3.0000018498 3.0000018378
3.000000012 2.9999999991
2.9999683872 2.9999683563
3.00000216 3.0000021489
3.0000045894 3.0000045837
2.9999808465 2.9999808291
2.9999711034 2.999971092
3.0009375375 3.0009374976
2.9999753862 2.9999753778
2.9999758578 2.9999758458
2.9999993112 2.9999993085
2.9999862783 2.999986269
3.0000399912 3.0000399717
2.999969292 2.9999692788
2.999082282 2.9990822376
3.0000323118 3.0000322854
2.9999995224 2.9999995197
2.9999995185 2.99999952
3.0000002427 3.0000002397
3.0000067902 3.0000067506
2.999973237 2.9999732286
2.999387808 2.9993877477
3.0000031521 3.0000031368
2.9999980824 2.9999980797
3.0000041442 3.0000041268
3.000000465 3.0000004605
3.0006226461 3.0006226113
3.000000012 2.9999999991
2.9999994426 2.9999994435
3.0001158843 3.0001158612
3.0000289305 3.0000289176
3.0000000231 3.000000024
2.999999928 2.9999999229
2.9999919555 2.9999919417
3.000000009 3.0000000096
2.9999917395 2.9999917347
2.999993865 2.9999938614
2.9999999574 2.9999999565
2.9999931858 2.9999931738
3.000003603 3.0000035997
3.0000066015 3.0000065526
2.9999999475 2.9999999484
3.000022515 3.0000224985
3.0001109826 3.0001109562
3.000004902 3.0000048966
3.0000291414 3.0000291294
3.0000044433 3.0000044364
2.999939811 2.999939781
3.0000202086 3.0000201822
2.9998845024 2.9998844793
2.9997528444 2.9997527979
2.9999688411 2.9999688246
2.9999692896 2.9999692785
3.000001884 3.0000018813
2.9997592248 2.9997591918
3.0000012804 3.0000012765
2.9999809356 2.999980914
3.0000002445 3.0000002391
3.0000106734 3.0000106644
3.00006792 3.0000678891
2.9999680107 2.9999679837
3.0000028674 3.0000028638
3.0001436106 3.0001435605
2.999704344 2.9997043176
3.0000005334 3.0000005259
2.9994803682 2.9994803409
2.999985198 2.9999851851
3.000000306 3.0000003072
2.999838258 2.9998382391
2.9999861283 2.9999861118
2.9999841828 2.9999841675
3.0001436106 3.0001435605
2.9997923025 2.9997922473
2.9999738976 2.9999738874
3.0000002385 3.00000024
2.9998979697 2.9998979505
2.9997000375 2.9996999976
2.9999943825 2.9999943741
3.0000003285 3.00000033
3.0000013065 3.0000013029
2.9999988528 2.9999988477
3.000008349 3.0000083391
2.9999946288 2.9999946237
3.0000584445 3.0000584226
2.9996190225 2.9996189988
3.0000002148 3.000000216
2.999998422 2.9999984172
2.9999993136 2.9999993085
2.9999942448 2.9999942397
3.0000986877 3.0000986682
3.0000766902 3.0000766638
3.000108258 3.0001082391
3.0000007845 3.0000007797
3.000002163 3.0000021597
3.000019689 3.0000196791
3.000000015 2.9999999976
3.0000019437 3.0000019407
3.000005406 3.0000053991
2.9999971995 2.9999971971
3.000077793 3.0000777633
2.99999985 2.9999998512
2.9999966514 2.9999966394
3.000000627 3.0000006288
2.999907927 2.9999078973
3.0002337999 3.0002337549
3.0000593553 3.0000593205
2.9999991285 2.9999991249
3.0000079146 3.0000079026
3.0004795704 3.0004795374
2.9999795484 2.9999795268
2.9996352918 2.9996352522
2.9999999817 2.9999999808
3.000004812 3.0000047991
3.0000650577 3.0000650385
3.000028812 3.0000287991
3.000000366 3.0000003591
2.9999946372 2.9999946219
3.0000135468 3.0000135393
3.0000000126 3.000000012
2.9997592248 2.9997591921
3.0008715015 3.0008714526
3.0000650577 3.0000650385
2.9996029815 2.9996029326
3.000021687 3.0000216651
2.999682042 2.9996819976
3.0000015435 3.0000015393
3.000340233 3.0003401976
3.000049833 3.0000497976
2.9999959962 2.9999959917
3.000049521 3.0000494979
3.000000306 3.0000003072
2.999285484 2.999285451
3.000000033 3.0000000336
2.9999993457 2.9999993433
3.0000029301 3.0000029208
2.9999999943 2.9999999886
2.999979852 2.9999798388
2.999740842 2.9997407976
2.9999016 2.9999015601
3.0000766902 3.0000766644
3.0005640525 3.0005639973
3.0000141447 3.0000141309
2.9999996325 2.9999996241
3.0000042408 3.0000042213
2.9999924598 2.999992446
2.9999990937 2.9999990772
3.0000009333 3.0000009309
3.0001660584 3.0001660389
2.999880741 2.9998806876
2.999821143 2.9998211076
3.0001235385 3.0001235193
2.999980788 2.9999807766
2.9999913345 2.9999913297
2.999954898 2.9999548782
2.9999997867 2.9999997843
2.9998754064 2.9998753767
2.9999504964 2.9999504811
2.9999604024 2.9999603694
3.0000004353 3.0000004317
3.000412824 3.0004127976
2.9999898681 2.9999898489
3.000217248 3.0002171877
3.0004875375 3.0004874976
2.9999638773 2.9999638503
3.000297321 3.0002972814